X,node1,node2,length,startLat,startLon,endLat,endLon,endNodeL,startNodeL,startYear,endYear,treeID,tipLabel,startProvince,endProvince,startCommune,endCommune
1,43,44,0.06330543627,647630.754543149,749546.25519291,647574.888379126,747900.032898523,0.06330543627,0,2020.07466934426,2020.13797478053,287600000,NA,Liège,Liège,4651,4630
3,44,45,0.02047456373,647574.888379126,747900.032898523,647300.427780932,748396.115699405,0.08378,0.06330543627,2020.13797478053,2020.15844934426,287600000,NA,Liège,Liège,4630,4630
4,45,47,0.0018,647300.427780932,748396.115699405,647383.372010366,748291.525116104,0.08558,0.08378,2020.15844934426,2020.16024934426,287600000,NA,Liège,Liège,4630,4630
6,48,49,0.00167,647383.372010366,748291.525116104,646596.845243942,761917.195444447,0.08905,0.08738,2020.16204934426,2020.16371934426,287600000,NA,Liège,Liège,4630,4830
7,48,51,0.01998,647383.372010366,748291.525116104,647386.275626549,749147.365424954,0.10736,0.08738,2020.16204934426,2020.18202934426,287600000,NA,Liège,Liège,4630,4651
8,49,10,0.000215081967299996,646596.845243942,761917.195444447,643479.314212621,766647.380294589,0.0892650819673,0.08905,2020.16371934426,2020.16393442623,287600000,hCoV-19/Belgium/CG-030158/2020|EPI_ISL_418987|2020-03-01|Europe,Liège,Liège,4830,4837
9,49,50,0.01114,646596.845243942,761917.195444447,646496.679612347,761889.940479058,0.10019,0.08905,2020.16371934426,2020.17485934426,287600000,NA,Liège,Liège,4830,4830
10,50,12,0.00273628415299998,646496.679612347,761889.940479058,651938.548833382,760821.899221626,0.102926284153,0.10019,2020.17485934426,2020.17759562841,287600000,hCoV-19/Belgium/MJP-0306100/2020|EPI_ISL_420356|2020-03-06|Europe,Liège,Liège,4830,4841
11,50,11,4.04371579998397e-06,646496.679612347,761889.940479058,646493.909925834,761897.869017124,0.1001940437158,0.10019,2020.17485934426,2020.17486338798,287600000,hCoV-19/Belgium/SJ-030583/2020|EPI_ISL_420339|2020-03-05|Europe,Liège,Liège,4830,4830
12,51,52,0.01366,647386.275626549,749147.365424954,644965.012069179,754696.828690952,0.12102,0.10736,2020.18202934426,2020.19568934426,287600000,NA,Liège,Liège,4651,4820
14,52,53,0.03044,644965.012069179,754696.828690952,644364.815479866,755296.519670879,0.15146,0.12102,2020.19568934426,2020.22612934426,287600000,NA,Liège,Liège,4820,4821
15,52,54,0.00184999999999999,644965.012069179,754696.828690952,644996.066650108,754706.211006034,0.12287,0.12102,2020.19568934426,2020.19753934426,287600000,NA,Liège,Liège,4820,4820
16,53,14,0.01704005464,644364.815479866,755296.519670879,642112.665728738,755868.819934431,0.16850005464,0.15146,2020.22612934426,2020.2431693989,287600000,hCoV-19/Belgium/ULG-10028/2020|EPI_ISL_421202|2020-03-30|Europe,Liège,Liège,4821,4802
17,53,13,0.01977229508,644364.815479866,755296.519670879,639980.801228331,731901.453843815,0.17123229508,0.15146,2020.22612934426,2020.24590163934,287600000,hCoV-19/Belgium/ULG-10032/2020|EPI_ISL_421206|2020-03-31|Europe,Liège,Liège,4821,4100
18,54,56,0.00820000000000001,644996.066650108,754706.211006034,643497.573127232,754723.374864124,0.13107,0.12287,2020.19753934426,2020.20573934426,287600000,NA,Liège,Liège,4820,4800
20,56,57,0.02205,643497.573127232,754723.374864124,644482.025139981,754106.089369925,0.15312,0.13107,2020.20573934426,2020.22778934426,287600000,NA,Liège,Liège,4800,4800
21,57,18,0.03177349727,644482.025139981,754106.089369925,629899.724958203,753687.389572072,0.18489349727,0.15312,2020.22778934426,2020.25956284153,287600000,hCoV-19/Belgium/ULG-10052/2020|EPI_ISL_424657|2020-04-05|Europe,Liège,Liège,4800,4900
23,58,59,0.0003540786357,644454.985077891,754081.53983922,644306.914624379,754201.11062853,0.1551199999997,0.154765921364,2020.22943526562,2020.22978934426,287600000,NA,Liège,Liège,4800,4800
24,58,19,0.06837894202,644454.985077891,754081.53983922,646055.551655708,752851.900523507,0.223144863384,0.154765921364,2020.22943526562,2020.29781420764,287600000,hCoV-19/Belgium/ULG-10165/2020|EPI_ISL_447159|2020-04-19|Europe,Liège,Liège,4800,4800
26,59,60,0.00462000000000001,644306.914624379,754201.11062853,644204.430097749,754144.972067484,0.1597399999997,0.1551199999997,2020.22978934426,2020.23440934426,287600000,NA,Liège,Liège,4800,4800
27,60,21,0.03061797814,644204.430097749,754144.972067484,650522.756497308,732809.047279166,0.1903579781397,0.1597399999997,2020.23440934426,2020.2650273224,287600000,hCoV-19/Belgium/ULG-10120/2020|EPI_ISL_427368|2020-04-07|Europe,Liège,Liège,4800,4430
28,60,61,0.06302,644204.430097749,754144.972067484,643941.925165331,754890.691929043,0.2227599999997,0.1597399999997,2020.23440934426,2020.29742934426,287600000,NA,Liège,Liège,4800,4800
29,61,23,0.0003848633878,643941.925165331,754890.691929043,643959.049850983,754891.481382912,0.2231448633875,0.2227599999997,2020.29742934426,2020.29781420765,287600000,hCoV-19/Belgium/ULG-10166/2020|EPI_ISL_447160|2020-04-19|Europe,Liège,Liège,4800,4800
30,61,22,0.06049415301,643941.925165331,754890.691929043,638372.420047356,748648.305347315,0.2832541530097,0.2227599999997,2020.29742934426,2020.35792349727,287600000,hCoV-19/Belgium/ULG-10187/2020|EPI_ISL_455975|2020-05-11|Europe,Liège,Liège,4800,4860
31,62,64,0.01234,644996.066650108,754706.211006034,647429.6403401,749211.176016682,0.12155,0.10921,2020.18387934426,2020.19621934426,287600000,NA,Liège,Liège,4820,4651
33,66,67,0.01886677809,647120.675459561,770757.153557907,646510.804850176,770354.432395737,0.16765,0.14878322191,2020.22345256617,2020.24231934426,287600000,NA,Liège,Liège,4700,4700
35,67,68,0.01,646510.804850176,770354.432395737,656643.842425099,766226.240716184,0.17765,0.16765,2020.24231934426,2020.25231934426,287600000,NA,Liège,Liège,4700,4728
36,67,28,0.06642382514,646510.804850176,770354.432395737,646296.926581069,770458.710420444,0.23407382514,0.16765,2020.24231934426,2020.3087431694,287600000,hCoV-19/Belgium/rega-0423298/2020|EPI_ISL_462152|2020-04-23|Europe,Liège,Liège,4700,4700
37,68,69,0.00223999999999999,656643.842425099,766226.240716184,656778.556407384,765986.37060466,0.17989,0.17765,2020.25231934426,2020.25455934426,287600000,NA,Liège,Liège,4728,4728
38,69,30,0.00227125683000001,656778.556407384,765986.37060466,657927.063427382,766429.439593586,0.18216125683,0.17989,2020.25455934426,2020.25683060109,287600000,hCoV-19/Belgium/ULG-10088/2020|EPI_ISL_424646|2020-04-04|Europe,Liège,Liège,4728,4720
39,69,70,0.00225,656778.556407384,765986.37060466,656994.577759371,765413.713025158,0.18214,0.17989,2020.25455934426,2020.25680934426,287600000,NA,Liège,Liège,4728,4720
41,70,71,0.00273000000000001,656994.577759371,765413.713025158,615933.071304463,786409.817446647,0.18487,0.18214,2020.25680934426,2020.25953934426,287600000,NA,Liège,Liège,4720,4760
42,71,72,0.0304,615933.071304463,786409.817446647,658664.475279969,765884.422739052,0.21527,0.18487,2020.25953934426,2020.28993934426,287600000,NA,Liège,Liège,4760,4720
43,71,32,2.34972676199929e-05,615933.071304463,786409.817446647,615930.806896374,786406.19476851,0.18489349726762,0.18487,2020.25953934426,2020.25956284153,287600000,hCoV-19/Belgium/ULG-10095/2020|EPI_ISL_424651|2020-04-05|Europe,Liège,Liège,4760,4760
44,72,73,0.00237999999999999,658664.475279969,765884.422739052,658474.922885478,765875.188207621,0.21765,0.21527,2020.28993934426,2020.29231934426,287600000,NA,Liège,Liège,4720,4720
45,72,33,0.01880382514,658664.475279969,765884.422739052,658783.295988931,766118.214824313,0.23407382514,0.21527,2020.28993934426,2020.3087431694,287600000,hCoV-19/Belgium/rega-0423301/2020|EPI_ISL_462155|2020-04-23|Europe,Liège,Liège,4720,4720
46,73,34,3.03825135899993e-05,658474.922885478,765875.188207621,646449.190925206,771617.018533861,0.21768038251359,0.21765,2020.29231934426,2020.29234972677,287600000,hCoV-19/Belgium/ULG-10146/2020|EPI_ISL_447138|2020-04-17|Europe,Liège,Liège,4720,4700
47,73,74,0.0115,658474.922885478,765875.188207621,658689.869163968,765755.122989469,0.22915,0.21765,2020.29231934426,2020.30381934426,287600000,NA,Liège,Liège,4720,4720
48,74,35,0.00492382513699999,658689.869163968,765755.122989469,616954.073209157,791301.149303881,0.234073825137,0.22915,2020.30381934426,2020.3087431694,287600000,hCoV-19/Belgium/rega-0423299/2020|EPI_ISL_462153|2020-04-23|Europe,Liège,Liège,4720,4760
49,74,75,0.00247,658689.869163968,765755.122989469,658415.294203372,766516.880099415,0.23162,0.22915,2020.30381934426,2020.30628934426,287600000,NA,Liège,Liège,4720,4720
51,75,36,0.00245382513699999,658415.294203372,766516.880099415,658331.449427034,766471.76951194,0.234073825137,0.23162,2020.30628934426,2020.3087431694,287600000,hCoV-19/Belgium/rega-0423300/2020|EPI_ISL_462154|2020-04-23|Europe,Liège,Liège,4720,4720
52,76,38,3.38251365699926e-05,643578.80007743,764022.952483819,657756.666499265,766398.224798955,0.23407382513657,0.23404,2020.30870934426,2020.3087431694,287600000,hCoV-19/Belgium/rega-0423297/2020|EPI_ISL_462151|2020-04-23|Europe,Liège,Liège,4837,4720
54,77,39,1.43715847500114e-05,629390.998852286,780423.622554885,629383.608723973,780412.343117795,0.14937437158545,0.1493600000007,2020.22402934426,2020.22404371585,287600000,hCoV-19/Belgium/ULG-0184/2020|EPI_ISL_447127|2020-03-23|Europe,Liège,Liège,4750,4750
55,77,78,0.04295,629390.998852286,780423.622554885,649773.308880845,766501.535032506,0.1923100000007,0.1493600000007,2020.22402934426,2020.26697934426,287600000,NA,Liège,Liège,4750,4701
56,78,40,0.02537038251,649773.308880845,766501.535032506,646676.26063107,769230.677102087,0.2176803825107,0.1923100000007,2020.26697934426,2020.29234972677,287600000,hCoV-19/Belgium/ULG-10145/2020|EPI_ISL_447137|2020-04-17|Europe,Liège,Liège,4701,4700
57,78,41,0.04176382514,649773.308880845,766501.535032506,649933.948628905,766982.711637929,0.2340738251407,0.1923100000007,2020.26697934426,2020.3087431694,287600000,hCoV-19/Belgium/rega-0423302/2020|EPI_ISL_462156|2020-04-23|Europe,Liège,Liège,4701,4700
59,160,163,0.000371101413800007,646334.421891849,737959.865221322,646370.713994272,737908.789857874,0.0261823681525,0.0258112667387,2020.1733182428,2020.17368934422,287600000,NA,Liège,Liège,4030,4030
60,161,104,0.07221229508,646370.713994272,737908.789857874,646132.810102175,738277.032547647,0.0983946632325,0.0261823681525,2020.17368934422,2020.2459016393,287600000,hCoV-19/Belgium/ULG-10022/2020|EPI_ISL_421197|2020-03-31|Europe,Liège,Liège,4030,4032
61,163,164,0.005785979926,646370.713994272,737908.789857874,646277.085606315,738060.312190642,0.0319683480785,0.0261823681525,2020.17368934422,2020.17947532414,287600000,NA,Liège,Liège,4030,4030
62,164,107,0.000852544663600019,646277.085606315,738060.312190642,655785.576024882,739659.33861325,0.0328208927421,0.0319683480785,2020.17947532414,2020.18032786881,287600000,hCoV-19/Belgium/ULG-3662/2020|EPI_ISL_417008|2020-03-07|Europe,Liège,Liège,4030,4680
65,165,108,8.52459005198924e-06,646259.595647401,738059.133003213,655932.466000544,737308.37033504,0.032820892742052,0.032812368152,2020.18031934422,2020.18032786881,287600000,hCoV-19/Belgium/ULG-3665/2020|EPI_ISL_417009|2020-03-07|Europe,Liège,Liège,4030,4680
67,203,198,0.1364476503,633410.55463114,736798.807375307,633513.690243115,737086.28018676,0.1368576503,0.000409999999999994,2020.57939934424,2020.71584699454,287600000,hCoV-19/Belgium/ULG-10751/2020|EPI_ISL_641593|2020-09-19|Europe,Liège,Liège,4171,4140
68,203,204,0.00803000000000001,633410.55463114,736798.807375307,633454.207772701,736854.943299169,0.00844,0.000409999999999994,2020.57939934424,2020.58742934424,287600000,NA,Liège,Liège,4171,4171
69,204,205,0.0278,633454.207772701,736854.943299169,631196.978925268,739844.462076904,0.03624,0.00844,2020.58742934424,2020.61522934424,287600000,NA,Liège,Liège,4171,4140
70,205,200,0.002256994535,631196.978925268,739844.462076904,632368.981563604,744233.438503704,0.038496994535,0.03624,2020.61522934424,2020.61748633878,287600000,hCoV-19/Belgium/ULG-10423/2020|EPI_ISL_581584|2020-08-14|Europe,Liège,Liège,4140,4140
71,205,201,0.002256994535,631196.978925268,739844.462076904,631525.785674833,738680.024953202,0.038496994535,0.03624,2020.61522934424,2020.61748633878,287600000,hCoV-19/Belgium/ULG-10424/2020|EPI_ISL_581583|2020-08-14|Europe,Liège,Liège,4140,4140
72,251,270,0.000745681084199978,635574.971915166,727254.489162212,635594.499327345,727346.974820643,0.000745681084199978,0,2020.15731945442,2020.15806513551,287600000,NA,Liège,Liège,4550,4550
73,251,252,0.0007598898608,635574.971915166,727254.489162212,635570.652284713,727261.212183696,0.0007598898608,0,2020.15731945442,2020.15807934428,287600000,NA,Liège,Liège,4550,4550
74,252,253,0.10967,635570.652284713,727261.212183696,637341.330507534,728296.62189347,0.1104298898608,0.0007598898608,2020.15807934428,2020.26774934428,287600000,NA,Liège,Liège,4550,4121
75,252,254,0.00696751472599999,635570.652284713,727261.212183696,635487.066241879,727116.329640301,0.00772740458679999,0.0007598898608,2020.15807934428,2020.16504685901,287600000,NA,Liège,Liège,4550,4550
76,253,213,1.02185792300036e-05,637341.330507534,728296.62189347,644941.349307189,756717.790564102,0.11044010844003,0.1104298898608,2020.26774934428,2020.26775956286,287600000,hCoV-19/Belgium/ULG-10139/2020|EPI_ISL_427384|2020-04-08|Europe,Liège,Liège,4121,4821
77,253,214,1.02185792300036e-05,637341.330507534,728296.62189347,637348.056987467,728311.149762409,0.11044010844003,0.1104298898608,2020.26774934428,2020.26775956286,287600000,hCoV-19/Belgium/ULG-10138/2020|EPI_ISL_427383|2020-04-08,Liège,Liège,4121,4121
79,254,256,0.000172485273999989,635487.066241879,727116.329640301,635509.50361366,727135.871267961,0.00789988986079998,0.00772740458679999,2020.16504685901,2020.16521934428,287600000,NA,Liège,Liège,4550,4550
80,255,215,0.00964404371600003,635509.50361366,727135.871267961,635256.281486591,726669.860481976,0.0175439335768,0.00789988986079998,2020.16521934428,2020.174863388,287600000,hCoV-19/Belgium/ULG-3162/2020|EPI_ISL_417005|2020-03-05,Liège,Liège,4550,4120
82,256,257,0.03412972583,635509.50361366,727135.871267961,635589.002708252,727100.206392891,0.0420296156908,0.00789988986079998,2020.16521934428,2020.19934907011,287600000,NA,Liège,Liège,4550,4120
83,256,262,0.00583,635509.50361366,727135.871267961,653565.733941149,708513.145231045,0.0137298898608,0.00789988986079998,2020.16521934428,2020.17104934428,287600000,NA,Liège,Liège,4550,4250
84,257,261,0.00092027416599999,635589.002708252,727100.206392891,635644.911004364,727426.488005748,0.0429498898568,0.0420296156908,2020.19934907011,2020.20026934428,287600000,NA,Liège,Liège,4120,4550
85,259,218,0.03328229508,643782.705062069,732389.809148328,643960.718802686,732651.580478291,0.0885821849368,0.0552998898568,2020.21261934428,2020.24590163936,287600000,hCoV-19/Belgium/ULG-10041/2020|EPI_ISL_427347|2020-03-31|Europe,Liège,Liège,4102,4102
86,259,260,0.03327,643782.705062069,732389.809148328,651961.037343421,762678.730356533,0.0885698898568,0.0552998898568,2020.21261934428,2020.24588934428,287600000,NA,Liège,Liège,4102,4840
87,260,220,1.22950819900214e-05,651961.037343421,762678.730356533,651956.927472715,762674.848939911,0.08858218493879,0.0885698898568,2020.24588934428,2020.24590163936,287600000,hCoV-19/Belgium/ULG-10004/2020|EPI_ISL_421184|2020-03-31|Europe,Liège,Liège,4840,4840
88,260,219,0.01913797814,651961.037343421,762678.730356533,644629.381465632,742947.210973263,0.1077078679968,0.0885698898568,2020.24588934428,2020.26502732242,287600000,hCoV-19/Belgium/ULG-10125/2020|EPI_ISL_427390|2020-04-07|Europe,Liège,Liège,4840,4623
89,261,222,0.01284540984,635644.911004364,727426.488005748,641853.003867354,737438.687762229,0.0557952996968,0.0429498898568,2020.20026934428,2020.21311475412,287600000,hCoV-19/Belgium/ULG-8578/2020|EPI_ISL_418638|2020-03-19|Europe,Liège,Liège,4550,4053
91,262,263,0.00190000000000001,653565.733941149,708513.145231045,653600.886239628,708754.824871782,0.0156298898608,0.0137298898608,2020.17104934428,2020.17294934428,287600000,NA,Liège,Liège,4250,4257
92,263,265,0.00190000000000001,653600.886239628,708754.824871782,653600.886239628,708754.824871782,0.0175298898608,0.0156298898608,2020.17294934428,2020.17484934428,287600000,NA,Liège,Liège,4257,4257
94,264,225,1.4043715799994e-05,653600.886239628,708754.824871782,647897.629285267,753547.553714908,0.0175439335766,0.0175298898608,2020.17484934428,2020.174863388,287600000,hCoV-19/Belgium/GS-030549/2020|EPI_ISL_418798|2020-03-05|Europe,Liège,Liège,4257,4650
95,264,224,1.4043715799994e-05,653600.886239628,708754.824871782,653586.838460594,708724.50496763,0.0175439335766,0.0175298898608,2020.17484934428,2020.174863388,287600000,hCoV-19/Belgium/GOF-030578/2020|EPI_ISL_420334|2020-03-05|Europe,Liège,Liège,4257,4257
96,265,226,1.4043715799994e-05,653600.886239628,708754.824871782,648034.618587523,754696.324714976,0.0175439335766,0.0175298898608,2020.17484934428,2020.174863388,287600000,hCoV-19/Belgium/ULG-3163/2020|EPI_ISL_417006|2020-03-05|Europe,Liège,Liège,4257,4650
99,266,267,0.00172,649157.674992918,736841.927764752,649152.274429362,736808.521368259,0.0500998898608,0.0483798898608,2020.20569934428,2020.20741934428,287600000,NA,Liège,Liège,4020,4020
101,268,229,0.01575901639,646747.281650012,738143.229022528,643108.226570906,733065.779875465,0.0967789062508,0.0810198898608,2020.23833934428,2020.25409836067,287600000,hCoV-19/Belgium/ULG-10079/2020|EPI_ISL_424639|2020-04-03|Europe,Liège,Liège,4030,4102
102,270,271,0.03247420878,635594.499327345,727346.974820643,646122.168828026,737472.018541838,0.0332198898642,0.000745681084199978,2020.15806513551,2020.19053934429,287600000,NA,Liège,Liège,4550,4030
104,271,272,0.01619854176,646122.168828026,737472.018541838,645933.938466339,737594.145016129,0.0494184316242,0.0332198898642,2020.19053934429,2020.20673788605,287600000,NA,Liège,Liège,4030,4030
105,272,273,1.14582410399855e-05,645933.938466339,737594.145016129,645937.622583502,737592.750231856,0.04942988986524,0.0494184316242,2020.20673788605,2020.20674934429,287600000,NA,Liège,Liège,4030,4030
106,272,274,0.00636145824099998,645933.938466339,737594.145016129,647641.206612717,743563.812357938,0.0557798898652,0.0494184316242,2020.20673788605,2020.21309934429,287600000,NA,Liège,Liège,4030,4621
108,274,235,0.04099901639,647641.206612717,743563.812357938,630221.359904181,737851.883201708,0.0967789062552,0.0557798898652,2020.21309934429,2020.25409836068,287600000,hCoV-19/Belgium/ULG-10065/2020|EPI_ISL_424635|2020-04-03,Liège,Liège,4621,4170
109,274,234,1.54098360199972e-05,647641.206612717,743563.812357938,647642.555138457,743565.123850164,0.05579529970122,0.0557798898652,2020.21309934429,2020.21311475412,287600000,hCoV-19/Belgium/ULG-8808/2020|EPI_ISL_418644|2020-03-19|Europe,Liège,Liège,4621,4621
111,297,288,6.44808751600057e-06,638754.333286783,741967.128718618,638756.158452148,741954.600437925,6.44808751600057e-06,0,2020.20217934426,2020.20218579235,287600000,hCoV-19/Belgium/ULG-6939/2020|EPI_ISL_417020|2020-03-15|Europe,Liège,Liège,4052,4052
112,297,298,0.00906,638754.333286783,741967.128718618,646799.181477787,735163.995897871,0.00906,0,2020.20217934426,2020.21123934426,287600000,NA,Liège,Liège,4052,4000
113,298,301,0.00187,646799.181477787,735163.995897871,646865.158875816,735163.455612363,0.01093,0.00906,2020.21123934426,2020.21310934426,287600000,NA,Liège,Liège,4000,4000
114,298,299,0.0054,646799.181477787,735163.995897871,642987.139633206,733615.027241595,0.01446,0.00906,2020.21123934426,2020.21663934426,287600000,NA,Liège,Liège,4000,4102
115,299,300,0.00132898136700001,642987.139633206,733615.027241595,643005.141450081,733592.904321903,0.015788981367,0.01446,2020.21663934426,2020.21796832563,287600000,NA,Liège,Liège,4102,4102
116,299,289,0.02653005464,642987.139633206,733615.027241595,630169.850829094,759229.504888721,0.04099005464,0.01446,2020.21663934426,2020.2431693989,287600000,hCoV-19/Belgium/ULG-10016/2020|EPI_ISL_421194|2020-03-30|Europe,Liège,Liège,4102,4900
117,300,290,0.00061090934279999,643005.141450081,733592.904321903,643118.103559974,733471.614761741,0.0163998907098,0.015788981367,2020.21796832563,2020.21857923497,287600000,hCoV-19/Belgium/ULG-9572/2020|EPI_ISL_418646|2020-03-21|Europe,Liège,Liège,4102,4102
120,301,302,0.01784,646865.158875816,735163.455612363,647148.449743629,733999.040585326,0.02877,0.01093,2020.21310934426,2020.23094934426,287600000,NA,Liège,Liège,4000,4000
122,302,293,0.06413262295,647148.449743629,733999.040585326,632220.393360455,726850.544690341,0.09290262295,0.02877,2020.23094934426,2020.29508196721,287600000,hCoV-19/Belgium/ULG-10153/2020|EPI_ISL_447149|2020-04-18|Europe,Liège,Liège,4000,4163
123,303,294,0.002439036826,653353.005784129,725668.978959324,653251.923940317,726618.580781785,0.040990054645,0.038551017819,2020.24073036208,2020.24316939891,287600000,hCoV-19/Belgium/ULG-10036/2020|EPI_ISL_427344|2020-03-30|Europe,Liège,Liège,4340,4342
124,303,304,0.000218982181199999,653353.005784129,725668.978959324,653312.532056227,725584.22560572,0.0387700000002,0.038551017819,2020.24073036208,2020.24094934426,287600000,NA,Liège,Liège,4340,4340
125,304,296,0.01314901639,653312.532056227,725584.22560572,652477.857699623,725389.049283393,0.0519190163902,0.0387700000002,2020.24094934426,2020.25409836065,287600000,hCoV-19/Belgium/ULG-10078/2020|EPI_ISL_424637|2020-04-03|Europe,Liège,Liège,4340,4340
127,355,356,0.0001917610788,644289.423518579,729924.331655584,644256.329665353,730014.518681381,0.0001917610788,0,2020.46153758319,2020.46172934427,287600000,NA,Liège,Liège,4100,4100
128,356,353,1.92896174599985e-05,644256.329665353,730014.518681381,644427.210443319,728505.917720318,0.000211050696259998,0.0001917610788,2020.46172934427,2020.46174863389,287600000,hCoV-19/Belgium/ULG-10234/2020|EPI_ISL_498140|2020-06-18|Europe,Liège,Liège,4100,4400
130,362,363,0.04035,648805.075183634,746047.682172166,648826.429250055,745982.029814184,0.04035,0,2020.6481493443,2020.6884993443,287600000,NA,Liège,Liège,4632,4632
131,362,364,0.00117999999999999,648805.075183634,746047.682172166,648907.564814838,746013.359234165,0.00117999999999999,0,2020.6481493443,2020.6493293443,287600000,NA,Liège,Liège,4632,4632
132,363,357,0.1202438251,648826.429250055,745982.029814184,648380.84300872,744553.214277611,0.1605938251,0.04035,2020.6884993443,2020.8087431694,287600000,hCoV-19/Belgium/ULG-10571/2020|EPI_ISL_626281|2020-10-23|Europe,Liège,Liège,4632,4631
137,373,367,0.02903382514,639472.317104505,727546.652115063,638244.386449719,726839.963257343,0.04970382514,0.02067,2020.77970934426,2020.8087431694,287600000,hCoV-19/Belgium/ULG-10562/2020|EPI_ISL_626323|2020-10-23|Europe,Liège,Liège,4121,4121
138,373,374,0.0249,639472.317104505,727546.652115063,640071.216542609,727819.598959403,0.04557,0.02067,2020.77970934426,2020.80460934426,287600000,NA,Liège,Liège,4121,4121
139,374,375,0.000719999999999998,640071.216542609,727819.598959403,639809.122478879,727756.842088253,0.04629,0.04557,2020.80460934426,2020.80532934426,287600000,NA,Liège,Liège,4121,4121
140,374,368,0.004133825137,640071.216542609,727819.598959403,647488.863398375,755087.753144881,0.049703825137,0.04557,2020.80460934426,2020.8087431694,287600000,hCoV-19/Belgium/ULG-10557/2020|EPI_ISL_626268|2020-10-23|Europe,Liège,Liège,4121,4650
141,375,376,0.000940000000000003,639809.122478879,727756.842088253,638897.614031288,724327.517374971,0.04723,0.04629,2020.80532934426,2020.80626934426,287600000,NA,Liège,Liège,4121,4480
142,375,369,0.003413825137,639809.122478879,727756.842088253,646709.817687515,736867.467554731,0.049703825137,0.04629,2020.80532934426,2020.8087431694,287600000,hCoV-19/Belgium/ULG-10515/2020|EPI_ISL_626331|2020-10-23|Europe,Liège,Liège,4121,4030
143,376,370,0.01067054645,638897.614031288,724327.517374971,637512.16823663,721842.365768338,0.05790054645,0.04723,2020.80626934426,2020.81693989071,287600000,hCoV-19/Belgium/ULG-10714/2020|EPI_ISL_636685|2020-10-26|Europe,Liège,Liège,4480,4480
144,376,371,0.01067054645,638897.614031288,724327.517374971,640596.815405758,724776.207395001,0.05790054645,0.04723,2020.80626934426,2020.81693989071,287600000,hCoV-19/Belgium/ULG-10709/2020|EPI_ISL_636680|2020-10-26|Europe,Liège,Liège,4480,4480
145,397,379,0.04973382514,638746.006999078,730875.245434259,640025.659785334,718116.828086642,0.15877382514,0.10904,2020.75900934426,2020.8087431694,287600000,hCoV-19/Belgium/ULG-10579/2020|EPI_ISL_626324|2020-10-23|Europe,Liège,Liège,4100,4540
146,397,380,0.04973382514,638746.006999078,730875.245434259,638283.904053065,730101.753241842,0.15877382514,0.10904,2020.75900934426,2020.8087431694,287600000,hCoV-19/Belgium/ULG-10561/2020|EPI_ISL_626330|2020-10-23|Europe,Liège,Liège,4100,4100
148,434,421,0.01022054645,634135.777471513,715199.514160601,635165.577680656,716504.799350777,0.14962054645,0.1394,2020.80671934426,2020.81693989071,287600000,hCoV-19/Belgium/ULG-10678/2020|EPI_ISL_636651|2020-10-26|Europe,Liège,Liège,4500,4500
149,434,422,0.002023825137,634135.777471513,715199.514160601,638729.567818494,752044.953530989,0.141423825137,0.1394,2020.80671934426,2020.8087431694,287600000,hCoV-19/Belgium/ULG-10541/2020|EPI_ISL_626299|2020-10-23|Europe,Liège,Liège,4500,4910
150,541,542,0.02628,644311.190352767,733924.359520533,644368.310539618,733850.121658079,0.02688,0.000599999999999989,2020.64757934423,2020.67385934423,287600000,NA,Liège,Liège,4102,4102
151,541,552,0.0015,644311.190352767,733924.359520533,644296.683138439,733919.361111085,0.00209999999999999,0.000599999999999989,2020.64757934423,2020.64907934423,287600000,NA,Liège,Liège,4102,4102
153,542,543,0.03105,644368.310539618,733850.121658079,643351.832651555,738970.668168168,0.05793,0.02688,2020.67385934423,2020.70490934423,287600000,NA,Liège,Liège,4102,4053
155,544,449,0.1214205464,644403.580964783,733690.903976881,636413.454240032,736965.495895413,0.1699605464,0.04854,2020.69551934423,2020.81693989063,287600000,hCoV-19/Belgium/ULG-10656/2020|EPI_ISL_636633|2020-10-26|Europe,Liège,Liège,4102,4130
157,545,547,0.00223999999999999,644344.832941535,733758.010934318,644326.905944941,733751.221502508,0.05297,0.05073,2020.69770934423,2020.69994934423,287600000,NA,Liège,Liège,4102,4102
158,545,546,0.10901,644344.832941535,733758.010934318,639212.402976937,709977.666090005,0.15974,0.05073,2020.69770934423,2020.80671934423,287600000,NA,Liège,Liège,4102,4520
159,546,450,0.01022054645,639212.402976937,709977.666090005,640634.924543891,710144.100585042,0.16996054645,0.15974,2020.80671934423,2020.81693989068,287600000,hCoV-19/Belgium/ULG-10705/2020|EPI_ISL_636677|2020-10-26|Europe,Liège,Liège,4520,4520
160,546,451,0.01022054645,639212.402976937,709977.666090005,639253.157432085,709769.240501965,0.16996054645,0.15974,2020.80671934423,2020.81693989068,287600000,hCoV-19/Belgium/ULG-10713/2020|EPI_ISL_636684|2020-10-26|Europe,Liège,Liège,4520,4520
161,547,548,0.08407,644326.905944941,733751.221502508,644701.096760685,735326.244967934,0.13704,0.05297,2020.69994934423,2020.78401934423,287600000,NA,Liège,Liège,4102,4031
162,547,550,0.01291403433,644326.905944941,733751.221502508,644353.550964466,733705.354287494,0.06588403433,0.05297,2020.69994934423,2020.71286337856,287600000,NA,Liège,Liège,4102,4102
163,548,452,0.02745606557,644701.096760685,735326.244967934,650304.879074063,723916.270481249,0.16449606557,0.13704,2020.78401934423,2020.8114754098,287600000,hCoV-19/Belgium/ULG-10649/2020|EPI_ISL_636627|2020-10-24|Europe,Liège,Liège,4031,4347
165,549,453,0.01021054645,644774.915109934,735756.486669171,644690.799078997,735862.137806647,0.16996054645,0.15975,2020.80672934423,2020.81693989068,287600000,hCoV-19/Belgium/ULG-10702/2020|EPI_ISL_636674|2020-10-26|Europe,Liège,Liège,4031,4031
166,549,454,0.00201382513699999,644774.915109934,735756.486669171,643577.273640493,717784.141036101,0.161763825137,0.15975,2020.80672934423,2020.80874316937,287600000,hCoV-19/Belgium/ULG-10507/2020|EPI_ISL_626256|2020-10-23|Europe,Liège,Liège,4031,4537
167,550,551,0.000555965667000002,644353.550964466,733705.354287494,644354.103225677,733716.415354159,0.066439999997,0.06588403433,2020.71286337856,2020.71341934423,287600000,NA,Liège,Liège,4102,4102
168,550,455,0.01118033725,644353.550964466,733705.354287494,639395.261506555,725415.152976137,0.07706437158,0.06588403433,2020.71286337856,2020.72404371581,287600000,hCoV-19/Belgium/ULG-10470/2020|EPI_ISL_581640|2020-09-22|Europe,Liège,Liège,4102,4120
169,551,457,0.00242765027299999,644354.103225677,733716.415354159,639702.352785583,751924.91081201,0.06886765027,0.066439999997,2020.71341934423,2020.7158469945,287600000,hCoV-19/Belgium/ULG-10754/2020|EPI_ISL_641596|2020-09-19|Europe,Liège,Liège,4102,4860
170,551,456,0.00242765027299999,644354.103225677,733716.415354159,657251.817044532,738279.516642292,0.06886765027,0.066439999997,2020.71341934423,2020.7158469945,287600000,hCoV-19/Belgium/ULG-10753/2020|EPI_ISL_641595|2020-09-19|Europe,Liège,Liège,4102,4680
171,552,595,0.00634000000000001,644296.683138439,733919.361111085,644300.085861092,733893.222738787,0.00844,0.00209999999999999,2020.64907934423,2020.65541934423,287600000,NA,Liège,Liège,4102,4102
172,552,553,0.04180963825,644296.683138439,733919.361111085,644341.939965356,734015.183123252,0.04390963825,0.00209999999999999,2020.64907934423,2020.69088898248,287600000,NA,Liège,Liège,4102,4102
173,553,554,0.000110361750400023,644341.939965356,734015.183123252,644340.584579759,733969.944243503,0.0440200000004,0.04390963825,2020.69088898248,2020.69099934424,287600000,NA,Liège,Liège,4102,4102
174,553,557,0.000110361750400023,644341.939965356,734015.183123252,644340.584579759,733969.944243503,0.0440200000004,0.04390963825,2020.69088898248,2020.69099934424,287600000,NA,Liège,Liège,4102,4102
175,554,556,0.11572,644340.584579759,733969.944243503,642260.708633044,743735.184228234,0.1597400000004,0.0440200000004,2020.69099934424,2020.80671934424,287600000,NA,Liège,Liège,4102,4870
179,556,461,0.01022054645,642260.708633044,743735.184228234,635838.05420878,733928.981673303,0.1699605464504,0.1597400000004,2020.80671934424,2020.81693989069,287600000,hCoV-19/Belgium/ULG-10687/2020|EPI_ISL_636659|2020-10-26|Europe,Liège,Liège,4870,4130
180,556,460,0.02934622951,642260.708633044,743735.184228234,645802.547116605,745550.600243635,0.1890862295104,0.1597400000004,2020.80671934424,2020.83606557374,287600000,hCoV-19/Belgium/ULG-10768/2020|EPI_ISL_644614|2020-11-02|Europe,Liège,Liège,4870,4630
181,557,570,0.01604156848,644340.584579759,733969.944243503,644274.698370943,736178.045055735,0.0600615684804,0.0440200000004,2020.69099934424,2020.70704091272,287600000,NA,Liège,Liège,4102,4031
182,557,558,0.00295999999999999,644340.584579759,733969.944243503,644249.735685221,733978.463096249,0.0469800000004,0.0440200000004,2020.69099934424,2020.69395934424,287600000,NA,Liège,Liège,4102,4102
183,558,559,0.03003,644249.735685221,733978.463096249,644359.214223371,733146.328198525,0.0770100000004,0.0469800000004,2020.69395934424,2020.72398934423,287600000,NA,Liège,Liège,4102,4102
185,559,462,0.0383057377,644359.214223371,733146.328198525,643927.468718024,732336.003998343,0.1153157377004,0.0770100000004,2020.72398934423,2020.76229508194,287600000,hCoV-19/Belgium/ULG-10762/2020|EPI_ISL_641604|2020-10-06|Europe,Liège,Liège,4102,4100
187,560,463,0.000668449167700008,642179.549795773,733216.253541171,642171.168523325,733225.204418047,0.0797966120221,0.0791281628544,2020.72610750709,2020.72677595626,287600000,hCoV-19/Belgium/ULG-10493/2020|EPI_ISL_581655|2020-09-23|Europe,Liège,Liège,4102,4102
188,560,561,0.000461837145800004,642179.549795773,733216.253541171,642179.391830181,733227.144483458,0.0795900000002,0.0791281628544,2020.72610750709,2020.72656934423,287600000,NA,Liège,Liège,4102,4102
189,561,464,0.08763830601,642179.391830181,733227.144483458,641889.970078938,732073.606997425,0.1672283060102,0.0795900000002,2020.72656934423,2020.81420765024,287600000,hCoV-19/Belgium/ULG-10628/2020|EPI_ISL_636607|2020-10-25|Europe,Liège,Liège,4102,4100
190,561,562,0.00270000000000001,642179.391830181,733227.144483458,649564.405011142,735019.465714058,0.0822900000002,0.0795900000002,2020.72656934423,2020.72926934423,287600000,NA,Liège,Liège,4102,4000
191,562,465,0.002971092896,649564.405011142,735019.465714058,655205.594466175,740284.555644936,0.0852610928962,0.0822900000002,2020.72926934423,2020.73224043713,287600000,hCoV-19/Belgium/ULG-10503/2020|EPI_ISL_581665|2020-09-25|Europe,Liège,Liège,4000,4680
193,563,466,0.04973382514,649679.45191179,735132.921263159,649956.641616355,735508.316852104,0.1617638251402,0.1120300000002,2020.75900934423,2020.80874316937,287600000,hCoV-19/Belgium/ULG-10591/2020|EPI_ISL_626337|2020-10-23|Europe,Liège,Liège,4000,4000
194,564,567,0.00289,644179.886798535,733799.183694323,644183.711284293,733746.526203971,0.0660900000004,0.0632000000004,2020.71017934424,2020.71306934424,287600000,NA,Liège,Liège,4102,4102
195,564,565,0.0964301302,644179.886798535,733799.183694323,648959.027741056,740066.163760917,0.1596301302004,0.0632000000004,2020.71017934424,2020.80660947443,287600000,NA,Liège,Liège,4102,4020
196,565,566,0.000109869802399992,648959.027741056,740066.163760917,648955.107116409,740071.046258591,0.1597400000028,0.1596301302004,2020.80660947443,2020.80671934424,287600000,NA,Liège,Liège,4020,4020
198,566,470,0.01022054645,648955.107116409,740071.046258591,645164.235913362,747866.36132639,0.1699605464528,0.1597400000028,2020.80671934424,2020.81693989069,287600000,hCoV-19/Belgium/ULG-10674/2020|EPI_ISL_636648|2020-10-26|Europe,Liège,Liège,4020,4630
199,566,469,0.07032983607,648955.107116409,740071.046258591,642927.573604658,758454.511682231,0.2300698360728,0.1597400000028,2020.80671934424,2020.87704918031,287600000,hCoV-19/Belgium/ULG-10798/2020|EPI_ISL_661208|2020-11-17|Europe,Liège,Liège,4020,4801
200,567,569,0.0103,644183.711284293,733746.526203971,636389.665147115,717751.14917493,0.0763900000004,0.0660900000004,2020.71306934424,2020.72336934423,287600000,NA,Liège,Liège,4102,4540
202,568,471,0.06809759563,644360.843037552,733738.852005335,642191.081350735,733764.116555273,0.2273375956304,0.1592400000004,2020.80621934423,2020.87431693987,287600000,hCoV-19/Belgium/ULG-10782/2020|EPI_ISL_661204|2020-11-16|Europe,Liège,Liège,4102,4102
203,568,472,0.06809759563,644360.843037552,733738.852005335,643970.476653508,733822.00013403,0.2273375956304,0.1592400000004,2020.80621934423,2020.87431693987,287600000,hCoV-19/Belgium/ULG-10796/2020|EPI_ISL_661206|2020-11-16|Europe,Liège,Liège,4102,4102
204,569,474,0.006138852459,636389.665147115,717751.14917493,644437.240037478,760098.397152446,0.0825288524594,0.0763900000004,2020.72336934423,2020.72950819669,287600000,hCoV-19/Belgium/ULG-10501/2020|EPI_ISL_581663|2020-09-24|Europe,Liège,Liège,4540,4830
205,569,473,0.00340661202200002,636389.665147115,717751.14917493,636364.815439449,717680.950073682,0.0797966120224,0.0763900000004,2020.72336934423,2020.72677595626,287600000,hCoV-19/Belgium/ULG-10490/2020|EPI_ISL_581653|2020-09-23|Europe,Liège,Liège,4540,4540
206,570,571,0.00195843152300001,644274.698370943,736178.045055735,644372.339243586,736208.632616563,0.0620200000034,0.0600615684804,2020.70704091272,2020.70899934424,287600000,NA,Liège,Liège,4031,4031
207,570,585,0.000108431522999997,644274.698370943,736178.045055735,643872.891814654,736809.876926055,0.0601700000034,0.0600615684804,2020.70704091272,2020.70714934424,287600000,NA,Liège,Liège,4031,4053
208,571,572,0.01504,644372.339243586,736208.632616563,644283.391063079,736221.477788967,0.0770600000034,0.0620200000034,2020.70899934424,2020.72403934424,287600000,NA,Liège,Liège,4031,4031
209,571,573,0.000687934469499996,644372.339243586,736208.632616563,642036.47059659,723576.315182414,0.0627079344729,0.0620200000034,2020.70899934424,2020.70968727871,287600000,NA,Liège,Liège,4031,4480
210,572,476,4.37158475297128e-06,644283.391063079,736221.477788967,644275.358362567,736197.416149002,0.077064371588153,0.0770600000034,2020.72403934424,2020.72404371582,287600000,hCoV-19/Belgium/ULG-10412/2020|EPI_ISL_581579|2020-09-22|Europe,Liège,Liège,4031,4031
211,573,477,0.1673619016,642036.47059659,723576.315182414,641966.017535895,722727.052993759,0.2300698360729,0.0627079344729,2020.70968727871,2020.87704918031,287600000,hCoV-19/Belgium/ULG-10802/2020|EPI_ISL_661209|2020-11-17|Europe,Liège,Liège,4480,4480
212,573,574,0.000372065530499982,642036.47059659,723576.315182414,642067.907147818,723607.515875635,0.0630800000034,0.0627079344729,2020.70968727871,2020.71005934424,287600000,NA,Liège,Liège,4480,4480
213,574,478,0.1205417486,642067.907147818,723607.515875635,642798.401598596,725856.03707408,0.1836217486034,0.0630800000034,2020.71005934424,2020.83060109284,287600000,hCoV-19/Belgium/ULG-10771/2020|EPI_ISL_644617|2020-10-31|Europe,Liège,Liège,4480,4400
214,574,575,0.01151,642067.907147818,723607.515875635,642176.594951425,723133.64844502,0.0745900000034,0.0630800000034,2020.71005934424,2020.72156934424,287600000,NA,Liège,Liège,4480,4480
215,575,580,0.07853,642176.594951425,723133.64844502,643405.908835076,721339.958298899,0.1531200000034,0.0745900000034,2020.72156934424,2020.80009934424,287600000,NA,Liège,Liège,4480,4470
216,575,576,0.001946349647,642176.594951425,723133.64844502,656034.612257663,729253.293278962,0.0765363496504,0.0745900000034,2020.72156934424,2020.72351569389,287600000,NA,Liège,Liège,4480,4432
217,576,577,0.06025365035,656034.612257663,729253.293278962,649235.203821477,735016.659284607,0.1367900000004,0.0765363496504,2020.72351569389,2020.78376934423,287600000,NA,Liège,Liège,4432,4000
219,577,480,0.02497382514,649235.203821477,735016.659284607,630005.550840096,729367.132512438,0.1617638251404,0.1367900000004,2020.78376934423,2020.80874316938,287600000,hCoV-19/Belgium/ULG-10543/2020|EPI_ISL_626318|2020-10-23|Europe,Liège,Liège,4000,4160
220,577,479,0.02497382514,649235.203821477,735016.659284607,640743.439440405,732869.378732307,0.1617638251404,0.1367900000004,2020.78376934423,2020.80874316938,287600000,hCoV-19/Belgium/ULG-10524/2020|EPI_ISL_626313|2020-10-23|Europe,Liège,Liège,4000,4100
221,578,579,0.08116,656034.089986753,729243.553581816,655928.293149915,729343.58621913,0.158350000003,0.077190000003,2020.72416934424,2020.80532934424,287600000,NA,Liège,Liège,4432,4432
223,579,483,0.003413825137,655928.293149915,729343.58621913,648206.011444324,737975.584478039,0.16176382514,0.158350000003,2020.80532934424,2020.80874316937,287600000,hCoV-19/Belgium/ULG-10583/2020|EPI_ISL_626269|2020-10-23|Europe,Liège,Liège,4432,4020
225,580,581,0.00223999999999999,643405.908835076,721339.958298899,644326.905944941,733751.221502508,0.1553600000034,0.1531200000034,2020.80009934424,2020.80233934424,287600000,NA,Liège,Liège,4470,4102
227,581,485,0.07197759563,644326.905944941,733751.221502508,627600.280438206,740932.788114594,0.2273375956334,0.1553600000034,2020.80233934424,2020.87431693987,287600000,hCoV-19/Belgium/ULG-10792/2020|EPI_ISL_661201|2020-11-16|Europe,Liège,Liège,4102,4920
228,582,584,0.00190000000000001,661498.518470025,736349.356659034,661593.8865693,736396.608081596,0.1593900000034,0.1574900000034,2020.80446934424,2020.80636934424,287600000,NA,Liège,Liège,4690,4690
230,583,487,0.003353825137,661641.634063952,736323.171196245,661340.166743007,737972.189485189,0.1617638251404,0.1584100000034,2020.80538934424,2020.80874316938,287600000,hCoV-19/Belgium/ULG-10552/2020|EPI_ISL_626304|2020-10-23|Europe,Liège,Liège,4690,4690
231,583,486,0.003353825137,661641.634063952,736323.171196245,658141.520746122,733039.287147768,0.1617638251404,0.1584100000034,2020.80538934424,2020.80874316938,287600000,hCoV-19/Belgium/ULG-10560/2020|EPI_ISL_626328|2020-10-23|Europe,Liège,Liège,4690,4450
232,584,489,0.01057054645,661593.8865693,736396.608081596,647772.643141194,732319.650996426,0.1699605464534,0.1593900000034,2020.80636934424,2020.81693989069,287600000,hCoV-19/Belgium/ULG-10642/2020|EPI_ISL_636620|2020-10-26|Europe,Liège,Liège,4690,4420
233,584,488,0.00237382513699999,661593.8865693,736396.608081596,661629.502678083,736396.172951304,0.1617638251404,0.1593900000034,2020.80636934424,2020.80874316938,287600000,hCoV-19/Belgium/ULG-10581/2020|EPI_ISL_626339|2020-10-23|Europe,Liège,Liège,4690,4690
234,585,490,0.1015938251,643872.891814654,736809.876926055,648425.235121899,736119.49909387,0.1617638251034,0.0601700000034,2020.70714934424,2020.80874316934,287600000,hCoV-19/Belgium/ULG-10576/2020|EPI_ISL_626267|2020-10-23|Europe,Liège,Liège,4053,4020
236,586,590,0.00056795890450001,643829.550641245,736796.106453675,641730.083919818,738756.392589321,0.0791378934379,0.0785699345334,2020.72554927877,2020.72611723767,287600000,NA,Liège,Liège,4053,4050
239,587,588,0.03524,643823.951546176,736799.456184858,648288.008156655,741889.025737595,0.1147000000043,0.0794600000043,2020.72643934424,2020.76167934424,287600000,NA,Liège,Liège,4053,4610
240,588,492,0.05526054645,648288.008156655,741889.025737595,647969.277935362,741648.209726899,0.1699605464543,0.1147000000043,2020.76167934424,2020.81693989069,287600000,hCoV-19/Belgium/ULG-10682/2020|EPI_ISL_636654|2020-10-26|Europe,Liège,Liège,4610,4610
241,588,589,0.04402,648288.008156655,741889.025737595,648361.703221844,741582.279273126,0.1587200000043,0.1147000000043,2020.76167934424,2020.80569934424,287600000,NA,Liège,Liège,4610,4610
242,589,494,0.07134983607,648361.703221844,741582.279273126,625637.485410856,755907.338056164,0.2300698360743,0.1587200000043,2020.80569934424,2020.87704918031,287600000,hCoV-19/Belgium/ULG-10809/2020|EPI_ISL_661211|2020-11-17|Europe,Liège,Liège,4610,4987
243,589,493,0.00304382513699999,648361.703221844,741582.279273126,653713.687652104,739556.910051511,0.1617638251413,0.1587200000043,2020.80569934424,2020.80874316938,287600000,hCoV-19/Belgium/ULG-10528/2020|EPI_ISL_626288|2020-10-23|Europe,Liège,Liège,4610,4040
245,590,591,0.03804210657,641730.083919818,738756.392589321,646532.627088856,739585.743525537,0.1171800000079,0.0791378934379,2020.72611723767,2020.76415934424,287600000,NA,Liège,Liège,4050,4030
248,592,496,0.01433382514,646490.920455101,739527.072240199,642187.211993129,737022.235063564,0.1617638251479,0.1474300000079,2020.79440934424,2020.80874316938,287600000,hCoV-19/Belgium/ULG-10570/2020|EPI_ISL_626316|2020-10-23|Europe,Liège,Liège,4030,4053
249,592,495,0.01433382514,646490.920455101,739527.072240199,646698.49487315,738621.322831856,0.1617638251479,0.1474300000079,2020.79440934424,2020.80874316938,287600000,hCoV-19/Belgium/ULG-10559/2020|EPI_ISL_626257|2020-10-23|Europe,Liège,Liège,4030,4030
250,593,497,0.01021054645,652066.157478111,734697.234325373,646025.861802551,722193.47590247,0.1699605464579,0.1597500000079,2020.80672934424,2020.81693989069,287600000,hCoV-19/Belgium/ULG-10677/2020|EPI_ISL_636650|2020-10-26|Europe,Liège,Liège,4000,4460
251,593,498,0.00201382513699999,652066.157478111,734697.234325373,652037.041131274,734664.036499466,0.1617638251449,0.1597500000079,2020.80672934424,2020.80874316938,287600000,hCoV-19/Belgium/ULG-10520/2020|EPI_ISL_626263|2020-10-23|Europe,Liège,Liège,4000,4000
252,594,500,0.09050054645,641706.036647112,738723.865535283,628333.209009146,733242.104296011,0.1699605464543,0.0794600000043,2020.72643934424,2020.81693989069,287600000,hCoV-19/Belgium/ULG-10638/2020|EPI_ISL_636616|2020-10-26|Europe,Liège,Liège,4050,4180
253,594,499,0.09050054645,641706.036647112,738723.865535283,633962.998778781,749003.072640661,0.1699605464543,0.0794600000043,2020.72643934424,2020.81693989069,287600000,hCoV-19/Belgium/ULG-10703/2020|EPI_ISL_636675|2020-10-26|Europe,Liège,Liège,4050,4910
254,595,596,0.00402,644300.085861092,733893.222738787,644285.83803002,733866.360527691,0.01246,0.00844,2020.65541934423,2020.65943934423,287600000,NA,Liège,Liège,4102,4102
255,596,598,0.00223999999999999,644285.83803002,733866.360527691,644326.905944941,733751.221502508,0.0147,0.01246,2020.65943934423,2020.66167934423,287600000,NA,Liège,Liège,4102,4102
256,598,504,0.002255081967,644326.905944941,733751.221502508,641855.05996874,721250.102271539,0.016955081967,0.0147,2020.66167934423,2020.6639344262,287600000,hCoV-19/Belgium/ULG-10461/2020|EPI_ISL_581632|2020-08-31|Europe,Liège,Liège,4102,4470
257,598,599,0.02873783684,644326.905944941,733751.221502508,633903.623477449,716012.06404734,0.04343783684,0.0147,2020.66167934423,2020.69041718107,287600000,NA,Liège,Liège,4102,4500
258,599,607,2.90898337498846e-06,633903.623477449,716012.06404734,633903.518711816,716012.637779107,0.043440745823375,0.04343783684,2020.69041718107,2020.69042009006,287600000,NA,Liège,Liège,4500,4500
259,599,600,0.02455714769,633903.623477449,716012.06404734,633786.935900792,715862.530292866,0.06799498453,0.04343783684,2020.69041718107,2020.71497432876,287600000,NA,Liège,Liège,4500,4500
260,600,505,0.00087266573780001,633786.935900792,715862.530292866,633792.42828258,715956.854660446,0.0688676502678,0.06799498453,2020.71497432876,2020.7158469945,287600000,hCoV-19/Belgium/ULG-10750/2020|EPI_ISL_641592|2020-09-19|Europe,Liège,Liège,4500,4500
261,600,601,0.004435015465,633786.935900792,715862.530292866,633831.266239524,716456.335669892,0.072429999995,0.06799498453,2020.71497432876,2020.71940934423,287600000,NA,Liège,Liège,4500,4500
262,601,506,0.00736661202200001,633831.266239524,716456.335669892,629984.456011479,709396.33510009,0.079796612017,0.072429999995,2020.71940934423,2020.72677595625,287600000,hCoV-19/Belgium/ULG-10488/2020|EPI_ISL_581651|2020-09-23|Europe,Liège,Liège,4500,4570
263,601,602,0.04261,633831.266239524,716456.335669892,623836.663990175,740689.064131538,0.115039999995,0.072429999995,2020.71940934423,2020.76201934423,287600000,NA,Liège,Liège,4500,4190
265,602,603,0.0426,623836.663990175,740689.064131538,623836.663990175,740689.064131538,0.157639999995,0.115039999995,2020.76201934423,2020.80461934423,287600000,NA,Liège,Liège,4190,4190
268,604,508,0.0206295082,640673.66723701,739073.841907457,640647.474769294,739022.388122392,0.180889508195,0.160259999995,2020.80723934423,2020.82786885243,287600000,hCoV-19/Belgium/ULG-10780/2020|EPI_ISL_644626|2020-10-30|Europe,Liège,Liège,4052,4052
270,605,606,0.000939999999999996,623825.137279522,740722.795149438,623813.130918624,740703.185061672,0.159299999995,0.158359999995,2020.80533934423,2020.80627934423,287600000,NA,Liège,Liège,4190,4190
272,606,512,0.01066054645,623813.130918624,740703.185061672,631588.928999788,746428.019672335,0.169960546445,0.159299999995,2020.80627934423,2020.81693989068,287600000,hCoV-19/Belgium/ULG-10643/2020|EPI_ISL_636621|2020-10-26|Europe,Liège,Liège,4190,4920
273,606,511,0.01066054645,623813.130918624,740703.185061672,625629.04267399,743441.345336279,0.169960546445,0.159299999995,2020.80627934423,2020.81693989068,287600000,hCoV-19/Belgium/ULG-10681/2020|EPI_ISL_636653|2020-10-26|Europe,Liège,Liège,4190,4920
274,607,608,0.000409254172000023,633903.518711816,716012.637779107,633908.198247677,716019.971453453,0.043849999995375,0.043440745823375,2020.69042009006,2020.69082934423,287600000,NA,Liège,Liège,4500,4500
275,607,513,0.1183230793,633903.518711816,716012.637779107,645289.497313741,742656.737369953,0.161763825123375,0.043440745823375,2020.69042009006,2020.80874316936,287600000,hCoV-19/Belgium/ULG-10575/2020|EPI_ISL_626319|2020-10-23|Europe,Liège,Liège,4500,4620
276,608,514,0.1862198361,633908.198247677,716019.971453453,635316.768860703,703451.752572003,0.230069836095375,0.043849999995375,2020.69082934423,2020.87704918033,287600000,hCoV-19/Belgium/ULG-10810/2020|EPI_ISL_661212|2020-11-17|Europe,Liège,Liège,4500,4218
280,613,614,0.05907,649026.690985807,740001.388510471,644366.05558902,746746.244564414,0.136799999991375,0.077729999991375,2020.72470934423,2020.78377934423,287600000,NA,Liège,Liège,4020,4877
281,614,519,0.02496382514,644366.05558902,746746.244564414,643709.793076761,746304.687407351,0.161763825131375,0.136799999991375,2020.78377934423,2020.80874316937,287600000,hCoV-19/Belgium/ULG-10536/2020|EPI_ISL_626284|2020-10-23|Europe,Liège,Liège,4877,4877
283,615,616,0.05471,649113.826307656,739923.993610016,636542.694263774,707958.844883954,0.150329999991375,0.095619999991375,2020.74259934423,2020.79730934423,287600000,NA,Liège,Liège,4020,4520
284,615,618,0.01852,649113.826307656,739923.993610016,649339.782619361,740389.252763024,0.114139999991375,0.095619999991375,2020.74259934423,2020.76111934423,287600000,NA,Liège,Liège,4020,4020
285,616,617,0.00942000000000001,636542.694263774,707958.844883954,636870.505406507,708364.582366894,0.159749999991375,0.150329999991375,2020.79730934423,2020.80672934423,287600000,NA,Liège,Liège,4520,4520
286,617,521,0.01021054645,636870.505406507,708364.582366894,633721.253076954,704924.793068142,0.169960546441375,0.159749999991375,2020.80672934423,2020.81693989068,287600000,hCoV-19/Belgium/ULG-10672/2020|EPI_ISL_636647|2020-10-26|Europe,Liège,Liège,4520,4520
289,618,619,0.000399999999999998,649339.782619361,740389.252763024,649322.288016201,740408.644236831,0.114539999991375,0.114139999991375,2020.76111934423,2020.76151934423,287600000,NA,Liège,Liège,4020,4020
290,619,524,0.05542054645,649322.288016201,740408.644236831,649442.725207533,739747.487098653,0.169960546441375,0.114539999991375,2020.76151934423,2020.81693989068,287600000,hCoV-19/Belgium/ULG-10690/2020|EPI_ISL_636662|2020-10-26|Europe,Liège,Liège,4020,4020
291,619,620,0.000229999999999994,649322.288016201,740408.644236831,649323.414298048,740472.829375357,0.114769999991375,0.114539999991375,2020.76151934423,2020.76174934423,287600000,NA,Liège,Liège,4020,4020
292,620,621,5e-04,649323.414298048,740472.829375357,649120.692066724,739802.901836986,0.115269999991375,0.114769999991375,2020.76174934423,2020.76224934423,287600000,NA,Liège,Liège,4020,4020
294,621,526,0.05469054645,649120.692066724,739802.901836986,649094.123261248,740614.642236208,0.169960546441375,0.115269999991375,2020.76224934423,2020.81693989068,287600000,hCoV-19/Belgium/ULG-10684/2020|EPI_ISL_636656|2020-10-26|Europe,Liège,Liège,4020,4020
295,621,622,0.01637,649120.692066724,739802.901836986,649044.917002511,739756.424514029,0.131639999991375,0.115269999991375,2020.76224934423,2020.77861934423,287600000,NA,Liège,Liège,4020,4020
296,622,623,0.02625082789,649044.917002511,739756.424514029,644561.139996931,729475.454554047,0.157890827881375,0.131639999991375,2020.77861934423,2020.80487017212,287600000,NA,Liège,Liège,4020,4101
297,622,527,0.04105278689,649044.917002511,739756.424514029,653327.287267516,733168.779489202,0.172692786881375,0.131639999991375,2020.77861934423,2020.81967213112,287600000,hCoV-19/Belgium/ULG-10683/2020|EPI_ISL_636655|2020-10-27|Europe,Liège,Liège,4020,4000
300,624,530,0.00340382513699999,644595.601305771,729479.362616415,651241.263354985,763342.076621762,0.161763825131975,0.158359999994975,2020.80533934423,2020.80874316937,287600000,hCoV-19/Belgium/ULG-10588/2020|EPI_ISL_626338|2020-10-23|Europe,Liège,Liège,4101,4840
301,624,529,0.00340382513699999,644595.601305771,729479.362616415,636924.690637306,730905.238040296,0.161763825131975,0.158359999994975,2020.80533934423,2020.80874316937,287600000,hCoV-19/Belgium/ULG-10546/2020|EPI_ISL_626290|2020-10-23|Europe,Liège,Liège,4101,4120
307,682,683,0.00088531242260001,650354.7081625,734419.851819796,651373.015630534,734850.768818078,0.00141534142960001,0.000530029006999999,2020.19675403179,2020.19763934421,287600000,NA,Liège,Liège,4000,4041
308,683,684,0.01857,651373.015630534,734850.768818078,653641.548793585,730590.925981981,0.0199853414296,0.00141534142960001,2020.19763934421,2020.21620934421,287600000,NA,Liège,Liège,4041,4432
309,683,686,0.02913,651373.015630534,734850.768818078,661535.452311235,765461.653563393,0.0305453414296,0.00141534142960001,2020.19763934421,2020.22676934421,287600000,NA,Liège,Liège,4041,4851
310,684,631,0.01056661202,653641.548793585,730590.925981981,642117.712872885,761634.09850029,0.0305519534496,0.0199853414296,2020.21620934421,2020.22677595623,287600000,hCoV-19/Belgium/ULG-0546/2020|EPI_ISL_447135|2020-03-24|Europe,Liège,Liège,4432,4830
311,684,685,0.02628,653641.548793585,730590.925981981,653028.717941862,732798.082303546,0.0462653414296,0.0199853414296,2020.21620934421,2020.24248934421,287600000,NA,Liège,Liège,4432,4000
312,685,633,0.00341229508200003,653028.717941862,732798.082303546,652978.464889225,732951.444302295,0.0496776365116,0.0462653414296,2020.24248934421,2020.24590163929,287600000,hCoV-19/Belgium/ULG-10012/2020|EPI_ISL_421190|2020-03-31|Europe,Liège,Liège,4000,4000
313,685,632,0.01707349727,653028.717941862,732798.082303546,655419.751947923,751721.470468357,0.0633388386996,0.0462653414296,2020.24248934421,2020.25956284148,287600000,hCoV-19/Belgium/ULG-10054/2020|EPI_ISL_424656|2020-04-05|Europe,Liège,Liège,4000,4880
314,686,634,6.61202187898779e-06,661535.452311235,765461.653563393,661540.311436665,765464.17015304,0.030551953451479,0.0305453414296,2020.22676934421,2020.22677595623,287600000,hCoV-19/Belgium/ULG-0544/2020|EPI_ISL_447134|2020-03-24|Europe,Liège,Liège,4851,4851
315,686,687,0.01615379891,661535.452311235,765461.653563393,654539.139513519,728018.594978123,0.0466991403396,0.0305453414296,2020.22676934421,2020.24292314312,287600000,NA,Liège,Liège,4851,4432
317,687,635,0.00024625573180001,654539.139513519,728018.594978123,654544.91495809,728034.072617971,0.0469453960714,0.0466991403396,2020.24292314312,2020.24316939885,287600000,hCoV-19/Belgium/ULG-10003/2020|EPI_ISL_421183|2020-03-30|Europe,Liège,Liège,4432,4432
318,688,636,1.00546448600081e-05,643617.653705,718106.938530894,618309.438390674,791510.066999351,0.04694539607136,0.0469353414265,2020.24315934421,2020.24316939885,287600000,hCoV-19/Belgium/ULG-10011/2020|EPI_ISL_421189|2020-03-30|Europe,Liège,Liège,4537,4760
320,689,690,0.00941256379899999,651373.015630534,734850.768818078,650380.585192422,733964.953703598,0.0108279052286,0.00141534142960001,2020.19763934421,2020.20705190801,287600000,NA,Liège,Liège,4041,4000
324,691,638,0.003412295082,648474.765104612,736366.888426829,648476.62299245,736567.85426393,0.0496776365106,0.0462653414286,2020.24248934421,2020.24590163929,287600000,hCoV-19/Belgium/ULG-10035/2020|EPI_ISL_427343|2020-03-31|Europe,Liège,Liège,4020,4020
326,692,640,0.000962622950700001,648135.835444602,735281.225975015,647766.960564082,735606.998826628,0.0988579643793,0.0978953414286,2020.29411934421,2020.29508196716,287600000,hCoV-19/Belgium/ULG-10158/2020|EPI_ISL_447153|2020-04-18|Europe,Liège,Liège,4000,4020
327,692,639,0.05833967213,648135.835444602,735281.225975015,648268.96289455,734288.817975561,0.1562350135586,0.0978953414286,2020.29411934421,2020.35245901634,287600000,hCoV-19/Belgium/ULG-10176/2020|EPI_ISL_455964|2020-05-09|Europe,Liège,Liège,4000,4000
328,693,642,0.05738797814,651181.575835045,732896.942731397,643669.62961375,723282.663836078,0.0688033195701,0.0114153414301,2020.20763934421,2020.26502732235,287600000,hCoV-19/Belgium/ULG-10117/2020|EPI_ISL_427365|2020-04-07|Europe,Liège,Liège,4000,4400
329,693,641,1.09289617699904e-05,651181.575835045,732896.942731397,651186.658318287,732800.917937032,0.01142627039187,0.0114153414301,2020.20763934421,2020.20765027317,287600000,hCoV-19/Belgium/JBE-0317326/2020|EPI_ISL_462180|2020-03-17|Europe,Liège,Liège,4000,4000
331,694,702,0.00204000000000001,649868.797220271,733706.800528322,650670.483910415,735213.631621722,0.0168753414296,0.0148353414296,2020.21105934421,2020.21309934421,287600000,NA,Liège,Liège,4000,4000
332,695,696,0.00208,650957.180786849,734807.593044756,642438.798368596,733336.261493476,0.0250753414296,0.0229953414296,2020.21921934421,2020.22129934421,287600000,NA,Liège,Liège,4000,4102
333,695,697,0.01167559913,650957.180786849,734807.593044756,650749.133414781,733891.765445957,0.0346709405596,0.0229953414296,2020.21921934421,2020.23089494334,287600000,NA,Liège,Liège,4000,4000
334,696,643,1.21311476299901e-05,642438.798368596,733336.261493476,642439.23091143,733337.073627612,0.02508747257723,0.0250753414296,2020.22129934421,2020.22131147536,287600000,hCoV-19/Belgium/ULG-9694/2020|EPI_ISL_418654|2020-03-22|Europe,Liège,Liège,4102,4102
335,696,644,1.21311476299901e-05,642438.798368596,733336.261493476,649022.046887428,735830.899356305,0.02508747257723,0.0250753414296,2020.22129934421,2020.22131147536,287600000,hCoV-19/Belgium/ULG-9732/2020|EPI_ISL_418660|2020-03-22|Europe,Liège,Liège,4102,4020
337,697,698,0.00956679037799998,650749.133414781,733891.765445957,650762.773542251,734035.993210049,0.0442377309376,0.0346709405596,2020.23089494334,2020.24046173372,287600000,NA,Liège,Liège,4000,4000
340,699,647,0.01183005464,650477.292324658,733588.958444185,650074.658520355,732925.917741857,0.0469453960739,0.0351153414339,2020.23133934421,2020.24316939885,287600000,hCoV-19/Belgium/SAA-0330367/2020|EPI_ISL_462221|2020-03-30|Europe,Liège,Liège,4430,4430
341,700,648,0.1259231148,650407.18208784,733454.151587962,646177.473320779,739567.139784124,0.1726284562339,0.0467053414339,2020.24292934421,2020.36885245901,287600000,hCoV-19/Belgium/ULG-10222/2020|EPI_ISL_498128|2020-05-15|Europe,Liège,Liège,4430,4032
344,701,650,0.003407978142,650493.075749004,733292.74799498,652069.028035781,739415.523437937,0.0688033195759,0.0653953414339,2020.26161934421,2020.26502732235,287600000,hCoV-19/Belgium/ULG-10106/2020|EPI_ISL_427357|2020-04-07|Europe,Liège,Liège,4430,4040
345,702,651,1.54098360199972e-05,650670.483910415,735213.631621722,650691.572772416,735213.85554444,0.01689075126562,0.0168753414296,2020.21309934421,2020.21311475404,287600000,hCoV-19/Belgium/ULG-8617/2020|EPI_ISL_418639|2020-03-19|Europe,Liège,Liège,4000,4000
346,702,703,0.02969962447,650670.483910415,735213.631621722,649831.926623605,737083.605733461,0.0465749658996,0.0168753414296,2020.21309934421,2020.24279896868,287600000,NA,Liège,Liège,4000,4000
347,703,704,0.000830557438499996,649831.926623605,737083.605733461,650268.525385503,738386.358155658,0.0474055233381,0.0465749658996,2020.24279896868,2020.24362952612,287600000,NA,Liège,Liège,4000,4040
348,703,652,0.003102670611,649831.926623605,737083.605733461,647090.415970907,706439.185662058,0.0496776365106,0.0465749658996,2020.24279896868,2020.24590163929,287600000,hCoV-19/Belgium/ULG-10026/2020|EPI_ISL_421200|2020-03-31|Europe,Liège,Liège,4000,4261
349,704,705,0.000579818090099993,650268.525385503,738386.358155658,650244.435262949,738388.224908868,0.0479853414282,0.0474055233381,2020.24362952612,2020.24420934421,287600000,NA,Liège,Liège,4040,4040
350,704,706,0.02116176492,650268.525385503,738386.358155658,650714.831517721,738510.420577107,0.0685672882581,0.0474055233381,2020.24362952612,2020.26479129104,287600000,NA,Liège,Liège,4040,4040
351,705,654,0.05087262295,650244.435262949,738388.224908868,652939.566840802,732999.55382527,0.0988579643782,0.0479853414282,2020.24420934421,2020.29508196716,287600000,hCoV-19/Belgium/ULG-10147/2020|EPI_ISL_447144|2020-04-18|Europe,Liège,Liège,4040,4000
352,705,653,0.05087262295,650244.435262949,738388.224908868,650193.519819639,738309.606934379,0.0988579643782,0.0479853414282,2020.24420934421,2020.29508196716,287600000,hCoV-19/Belgium/ULG-10148/2020|EPI_ISL_447145|2020-04-18|Europe,Liège,Liège,4040,4040
353,706,708,4.80531728200284e-05,650714.831517721,738510.420577107,650718.734224896,738509.180640572,0.06861534143092,0.0685672882581,2020.26479129104,2020.26483934421,287600000,NA,Liège,Liège,4040,4040
354,706,707,4.80531728200284e-05,650714.831517721,738510.420577107,650718.734224896,738509.180640572,0.06861534143092,0.0685672882581,2020.26479129104,2020.26483934421,287600000,NA,Liège,Liège,4040,4040
355,707,655,0.03024262295,650718.734224896,738509.180640572,651052.469490862,741227.239603505,0.09885796438092,0.06861534143092,2020.26483934421,2020.29508196716,287600000,hCoV-19/Belgium/ULG-10149/2020|EPI_ISL_447146|2020-04-18|Europe,Liège,Liège,4040,4020
359,709,658,1.53551911599992e-05,652096.18324243,737668.464203959,652092.232967127,737668.889925858,0.17536069662208,0.17534534143092,2020.37156934421,2020.3715846994,287600000,hCoV-19/Belgium/ULG-10229/2020|EPI_ISL_498135|2020-05-16|Europe,Liège,Liège,4040,4040
360,709,657,0.01094431694,652096.18324243,737668.464203959,655142.302482742,738687.755818288,0.18628965837092,0.17534534143092,2020.37156934421,2020.38251366115,287600000,hCoV-19/Belgium/ULG-10194/2020|EPI_ISL_471429|2020-05-20|Europe,Liège,Liège,4040,4040
361,710,659,1.26229507200065e-05,650905.514150448,738167.212340193,650902.452738169,738157.730208173,0.09885796438164,0.09884534143092,2020.29506934421,2020.29508196716,287600000,hCoV-19/Belgium/ULG-10160/2020|EPI_ISL_447155|2020-04-18|Europe,Liège,Liège,4040,4040
362,710,711,0.02906242521,650905.514150448,738167.212340193,650776.772131749,737977.584056764,0.12790776664092,0.09884534143092,2020.29506934421,2020.32413176942,287600000,NA,Liège,Liège,4040,4000
364,711,713,0.000127574795000002,650776.772131749,737977.584056764,650759.101006372,737976.581383249,0.12803534143592,0.12790776664092,2020.32413176942,2020.32425934421,287600000,NA,Liège,Liège,4000,4000
365,712,660,1.19125681700138e-05,655940.395583108,740279.54665896,655951.713486153,740268.04660293,0.15896725399909,0.15895534143092,2020.35517934421,2020.35519125678,287600000,hCoV-19/Belgium/ULG-10184/2020|EPI_ISL_455972|2020-05-10|Europe,Liège,Liège,4680,4680
366,712,661,1.19125681700138e-05,655940.395583108,740279.54665896,642977.582030256,725101.023329013,0.15896725399909,0.15895534143092,2020.35517934421,2020.35519125678,287600000,hCoV-19/Belgium/ULG-10218/2020|EPI_ISL_484706|2020-05-10|Europe,Liège,Liège,4680,4400
367,713,662,0.03093191257,650759.101006372,737976.581383249,650294.214474954,737714.627923163,0.15896725400592,0.12803534143592,2020.32425934421,2020.35519125679,287600000,hCoV-19/Belgium/ULG-10182/2020|EPI_ISL_455970|2020-05-10|Europe,Liège,Liège,4000,4040
370,714,715,0.03088,650821.988516061,738067.296080073,637682.303367254,718182.673661648,0.15895534143592,0.12807534143592,2020.32429934421,2020.35517934422,287600000,NA,Liège,Liège,4040,4540
371,715,664,1.19125681700138e-05,637682.303367254,718182.673661648,637677.634243403,718181.267877795,0.15896725400409,0.15895534143592,2020.35517934422,2020.35519125678,287600000,hCoV-19/Belgium/ULG-10181/2020|EPI_ISL_455969|2020-05-10|Europe,Liège,Liège,4540,4540
372,715,663,0.01640535519,637682.303367254,718182.673661648,654235.275007859,739454.897673903,0.17536069662592,0.15895534143592,2020.35517934422,2020.37158469941,287600000,hCoV-19/Belgium/ULG-10228/2020|EPI_ISL_498134|2020-05-16|Europe,Liège,Liège,4540,4040
373,716,665,1.74316939199892e-05,656051.255845301,738534.22052552,656049.819892579,738514.864155637,0.15350277312984,0.15348534143592,2020.34970934421,2020.34972677591,287600000,hCoV-19/Belgium/ULG-10172/2020|EPI_ISL_455960|2020-05-08|Europe,Liège,Liège,4680,4680
375,717,718,0.00242000000000001,656118.888430721,740452.336223255,656850.245861055,747583.375042059,0.17260534143592,0.17018534143592,2020.36640934421,2020.36882934421,287600000,NA,Liège,Liège,4680,4607
376,717,719,0.00256000000000001,656118.888430721,740452.336223255,654123.905473617,739875.952500513,0.17274534143592,0.17018534143592,2020.36640934421,2020.36896934421,287600000,NA,Liège,Liège,4680,4040
377,718,667,2.31147540299959e-05,656850.245861055,747583.375042059,648813.35994204,753010.009776652,0.17262845618995,0.17260534143592,2020.36882934421,2020.36885245897,287600000,hCoV-19/Belgium/ULG-10225/2020|EPI_ISL_498131|2020-05-15|Europe,Liège,Liège,4607,4650
379,719,720,0.00259999999999999,654123.905473617,739875.952500513,654081.795811041,739784.527057925,0.17534534143592,0.17274534143592,2020.36896934421,2020.37156934422,287600000,NA,Liège,Liège,4040,4040
380,719,721,0.00259999999999999,654123.905473617,739875.952500513,654081.795811041,739784.527057925,0.17534534143592,0.17274534143592,2020.36896934421,2020.37156934422,287600000,NA,Liège,Liège,4040,4040
381,720,669,1.53551911599992e-05,654081.795811041,739784.527057925,651085.406513947,741134.087894532,0.17536069662708,0.17534534143592,2020.37156934422,2020.37158469941,287600000,hCoV-19/Belgium/ULG-10230/2020|EPI_ISL_498136|2020-05-16|Europe,Liège,Liège,4040,4020
382,720,668,1.53551911599992e-05,654081.795811041,739784.527057925,654087.24622225,739772.178176799,0.17536069662708,0.17534534143592,2020.37156934422,2020.37158469941,287600000,hCoV-19/Belgium/ULG-10231/2020|EPI_ISL_498137|2020-05-16|Europe,Liège,Liège,4040,4040
383,721,670,1.53551911599992e-05,654081.795811041,739784.527057925,651596.579711977,737785.185851139,0.17536069662708,0.17534534143592,2020.37156934422,2020.37158469941,287600000,hCoV-19/Belgium/ULG-10227/2020|EPI_ISL_498133|2020-05-16|Europe,Liège,Liège,4040,4040
384,721,722,0.01639,654081.795811041,739784.527057925,657051.653531673,736880.412638174,0.19173534143592,0.17534534143592,2020.37156934422,2020.38795934422,287600000,NA,Liège,Liège,4040,4680
386,722,672,0.00275103825100001,657051.653531673,736880.412638174,648975.383414324,748306.380560419,0.19448637968692,0.19173534143592,2020.38795934422,2020.39071038247,287600000,hCoV-19/Belgium/ULG-10200/2020|EPI_ISL_471435|2020-05-23|Europe,Liège,Liège,4680,4633
387,723,724,0.000235011357699988,649797.886070949,737337.809426013,642639.326989116,733845.385829414,0.00123119522939999,0.000996183871700002,2020.19722018665,2020.19745519801,287600000,NA,Liège,Liège,4000,4102
390,724,726,0.000184146200200019,642639.326989116,733845.385829414,644801.08215711,729924.882900294,0.00141534142960001,0.00123119522939999,2020.19745519801,2020.19763934421,287600000,NA,Liège,Liège,4102,4100
391,725,673,0.0646557377,644801.08215711,729924.882900294,645011.191904044,730173.711729024,0.0660710791296,0.00141534142960001,2020.19763934421,2020.26229508191,287600000,hCoV-19/Belgium/ULG-10097/2020|EPI_ISL_427348|2020-04-06|Europe,Liège,Liège,4100,4100
392,725,674,0.02367213115,644801.08215711,729924.882900294,627393.444302658,735780.773923255,0.0250874725796,0.00141534142960001,2020.19763934421,2020.22131147536,287600000,hCoV-19/Belgium/ULG-9620/2020|EPI_ISL_418650|2020-03-22|Europe,Liège,Liège,4100,4180
393,726,675,0.0646557377,644801.08215711,729924.882900294,640916.276084569,735626.690558339,0.0660710791296,0.00141534142960001,2020.19763934421,2020.26229508191,287600000,hCoV-19/Belgium/ULG-10103/2020|EPI_ISL_427354|2020-04-06|Europe,Liège,Liège,4100,4130
395,727,728,3.30207841600094e-05,649796.320870429,737299.258643708,648024.490090093,740693.640661602,0.00141534142956001,0.0013823206454,2020.19760632342,2020.19763934421,287600000,NA,Liège,Liège,4000,4020
396,727,729,3.30207841600094e-05,649796.320870429,737299.258643708,648024.490090093,740693.640661602,0.00141534142956001,0.0013823206454,2020.19760632342,2020.19763934421,287600000,NA,Liège,Liège,4000,4020
397,728,678,0.05919125683,648024.490090093,740693.640661602,647478.78394858,748163.729334162,0.06060659825956,0.00141534142956001,2020.19763934421,2020.25683060104,287600000,hCoV-19/Belgium/ULG-10085/2020|EPI_ISL_424645|2020-04-04|Europe,Liège,Liège,4020,4630
399,729,680,0.00181420764999998,648024.490090093,740693.640661602,649780.964201996,737308.649793891,0.00322954907956,0.00141534142956001,2020.19763934421,2020.19945355186,287600000,hCoV-19/Belgium/ULG-6670/2020|EPI_ISL_417018|2020-03-14|Europe,Liège,Liège,4020,4000
400,729,679,0.06738797814,648024.490090093,740693.640661602,642405.863328596,730133.177796721,0.06880331956956,0.00141534142956001,2020.19763934421,2020.26502732235,287600000,hCoV-19/Belgium/ULG-10130/2020|EPI_ISL_427375|2020-04-07|Europe,Liège,Liège,4020,4100
402,768,769,0.000179660678500004,659487.897356775,746383.145500178,659492.810234299,746351.90672125,0.0252397476539,0.0250600869754,2020.17285266244,2020.17303232312,287600000,NA,Liège,Liège,4607,4607
403,769,770,0.000737021149399997,659492.810234299,746351.90672125,659625.319019135,746357.183665069,0.0259767688033,0.0252397476539,2020.17303232312,2020.17376934427,287600000,NA,Liège,Liège,4607,4607
404,769,771,0.000737021149399997,659492.810234299,746351.90672125,659625.319019135,746357.183665069,0.0259767688033,0.0252397476539,2020.17303232312,2020.17376934427,287600000,NA,Liège,Liège,4607,4607
405,770,735,0.04207765027,659625.319019135,746357.183665069,646441.937504727,768234.785392941,0.0680544190733,0.0259767688033,2020.17376934427,2020.21584699454,287600000,hCoV-19/Belgium/ULG-8937/2020|EPI_ISL_447122|2020-03-20|Europe,Liège,Liège,4607,4700
406,771,772,0.01201,659625.319019135,746357.183665069,608646.24514657,753892.100927851,0.0379867688033,0.0259767688033,2020.17376934427,2020.18577934427,287600000,NA,Liège,Liège,4607,4990
407,772,737,0.05739005464,608646.24514657,753892.100927851,625864.42351229,784894.241787152,0.0953768234433,0.0379867688033,2020.18577934427,2020.24316939891,287600000,hCoV-19/Belgium/ULG-10007/2020|EPI_ISL_421186|2020-03-30|Europe,Liège,Liège,4990,4761
408,772,738,1.30054645300082e-05,608646.24514657,753892.100927851,608642.562511083,753888.42691601,0.03799977426783,0.0379867688033,2020.18577934427,2020.18579234973,287600000,hCoV-19/Belgium/ULG-4163/2020|EPI_ISL_417013|2020-03-09|Europe,Liège,Liège,4990,4990
410,774,775,0.000837861329400003,659378.269048236,746220.420426954,659361.463415346,746256.405405743,0.02597676880327,0.02513890747387,2020.17293148294,2020.17376934427,287600000,NA,Liège,Liège,4607,4607
414,777,744,0.04646229508,649763.03502084,735142.225630598,649668.084098563,735267.096094074,0.09810906388327,0.05164676880327,2020.19943934427,2020.24590163935,287600000,hCoV-19/Belgium/ULG-10034/2020|EPI_ISL_427342|2020-03-31|Europe,Liège,Liège,4000,4000
415,777,743,1.42076501599697e-05,649763.03502084,735142.225630598,647895.529856932,768945.447060691,0.05166097645343,0.05164676880327,2020.19943934427,2020.19945355192,287600000,hCoV-19/Belgium/ULG-6754/2020|EPI_ISL_417019|2020-03-14|Europe,Liège,Liège,4000,4700
416,778,779,0.01722,659158.222710015,746270.73974441,644067.145672312,742941.617891429,0.04700676880287,0.02978676880287,2020.17757934427,2020.19479934427,287600000,NA,Liège,Liège,4607,4623
417,778,745,1.62841529299795e-05,659158.222710015,746270.73974441,659108.47011175,746278.632218476,0.0298030529558,0.02978676880287,2020.17757934427,2020.17759562842,287600000,hCoV-19/Belgium/VHC-030655/2020|EPI_ISL_420449|2020-03-06|Europe,Liège,Liège,4607,4607
418,779,746,0.001921967213,644067.145672312,742941.617891429,644045.529197585,743071.499820372,0.04892873601587,0.04700676880287,2020.19479934427,2020.19672131148,287600000,hCoV-19/Belgium/ULG-6503/2020|EPI_ISL_417016|2020-03-13|Europe,Liège,Liège,4623,4623
419,779,780,0.00545999999999999,644067.145672312,742941.617891429,629996.676315527,771661.727792249,0.05246676880287,0.04700676880287,2020.19479934427,2020.20025934427,287600000,NA,Liège,Liège,4623,4960
420,780,747,0.00192644808800002,629996.676315527,771661.727792249,630015.252961257,771712.477603348,0.05439321689087,0.05246676880287,2020.20025934427,2020.20218579235,287600000,hCoV-19/Belgium/ULG-6972/2020|EPI_ISL_418624|2020-03-15|Europe,Liège,Liège,4960,4960
421,780,781,0.0117,629996.676315527,771661.727792249,644317.173092962,781956.513940356,0.06416676880287,0.05246676880287,2020.20025934427,2020.21195934427,287600000,NA,Liège,Liège,4960,4700
422,781,782,0.000650000000000012,644317.173092962,781956.513940356,644303.650814839,781990.320690582,0.06481676880287,0.06416676880287,2020.21195934427,2020.21260934427,287600000,NA,Liège,Liège,4700,4700
423,781,783,0.00803000000000001,644317.173092962,781956.513940356,644523.334662982,781755.980959094,0.07219676880287,0.06416676880287,2020.21195934427,2020.21998934427,287600000,NA,Liège,Liège,4700,4700
424,782,749,0.01143437158,644303.650814839,781990.320690582,647466.566636008,766242.015354648,0.07625114038287,0.06481676880287,2020.21260934427,2020.22404371585,287600000,hCoV-19/Belgium/ULG-0174/2020|EPI_ISL_447125|2020-03-23|Europe,Liège,Liège,4700,4700
425,783,784,0.00194999999999998,644523.334662982,781755.980959094,644552.279838051,781832.468014815,0.07414676880287,0.07219676880287,2020.21998934427,2020.22193934427,287600000,NA,Liège,Liège,4700,4700
426,783,786,0.01042732278,644523.334662982,781755.980959094,625224.864875423,763593.865397795,0.08262409158287,0.07219676880287,2020.21998934427,2020.23041666705,287600000,NA,Liège,Liège,4700,4970
427,784,750,0.00756885245900002,644552.279838051,781832.468014815,637358.504173879,711520.316047224,0.08171562126187,0.07414676880287,2020.22193934427,2020.22950819672,287600000,hCoV-19/Belgium/DRV-0325157/2020|EPI_ISL_420414|2020-03-25|Europe,Liège,Liège,4700,4520
428,784,785,0.00208000000000003,644552.279838051,781832.468014815,644583.082408101,781818.277073609,0.07622676880287,0.07414676880287,2020.22193934427,2020.22401934427,287600000,NA,Liège,Liège,4700,4700
431,786,787,0.000322677216299999,625224.864875423,763593.865397795,624792.777278995,763384.739195793,0.08294676879917,0.08262409158287,2020.23041666705,2020.23073934426,287600000,NA,Liège,Liège,4970,4970
432,787,754,0.02882349727,624792.777278995,763384.739195793,624942.800448669,763745.068486388,0.11177026606917,0.08294676879917,2020.23073934426,2020.25956284153,287600000,hCoV-19/Belgium/ULG-10058/2020|EPI_ISL_424653|2020-04-05|Europe,Liège,Liège,4970,4970
433,787,788,0.0281557324,624792.777278995,763384.739195793,629398.787474261,753483.099890712,0.11110250119917,0.08294676879917,2020.23073934426,2020.25889507666,287600000,NA,Liège,Liège,4970,4900
437,789,757,0.005497978142,629934.562870861,754264.306598118,630310.921467868,754297.545739076,0.11723474693917,0.11173676879717,2020.25952934426,2020.2650273224,287600000,hCoV-19/Belgium/ULG-10115/2020|EPI_ISL_427364|2020-04-07|Europe,Liège,Liège,4900,4900
438,807,809,0.00633,649866.153347734,738747.064515716,650115.457409717,738606.147911156,0.0583195071316,0.0519895071316,2020.20677934427,2020.21310934427,287600000,NA,Liège,Liège,4020,4000
439,809,796,5.40983602098644e-06,650115.457409717,738606.147911156,650127.120014178,738591.719904084,0.058324916967621,0.0583195071316,2020.21310934427,2020.21311475411,287600000,hCoV-19/Belgium/ULG-8664/2020|EPI_ISL_418641|2020-03-19|Europe,Liège,Liège,4000,4000
440,809,810,0.02983,650115.457409717,738606.147911156,650485.831000348,738448.665444115,0.0881495071316,0.0583195071316,2020.21310934427,2020.24293934427,287600000,NA,Liège,Liège,4000,4040
441,810,811,0.000520000000000007,650485.831000348,738448.665444115,650523.973810432,738374.54458168,0.0886695071316,0.0881495071316,2020.24293934427,2020.24345934427,287600000,NA,Liège,Liège,4040,4040
442,810,797,0.05214262295,650485.831000348,738448.665444115,638202.538503505,731270.070771117,0.1402921300816,0.0881495071316,2020.24293934427,2020.29508196722,287600000,hCoV-19/Belgium/ULG-10157/2020|EPI_ISL_447142|2020-04-18|Europe,Liège,Liège,4040,4122
445,824,819,0.05382797814,650051.609614799,738787.273914903,649749.649779384,738908.442510431,0.05382797814,0,2020.21119934428,2020.26502732242,287600000,hCoV-19/Belgium/ULG-10118/2020|EPI_ISL_427366|2020-04-07|Europe,Liège,Liège,4020,4020
446,824,825,0.00190000000000001,650051.609614799,738787.273914903,650229.196323602,738879.26451206,0.00190000000000001,0,2020.21119934428,2020.21309934428,287600000,NA,Liège,Liège,4020,4000
447,825,826,0.1350736761,650229.196323602,738879.26451206,637352.461357348,726013.312564107,0.1369736761,0.00190000000000001,2020.21309934428,2020.34817302038,287600000,NA,Liège,Liège,4000,4550
448,826,827,0.000276323875500001,637352.461357348,726013.312564107,637343.749348071,726127.380668188,0.1372499999755,0.1369736761,2020.34817302038,2020.34844934426,287600000,NA,Liège,Liège,4550,4120
449,827,822,0.03406431694,637343.749348071,726127.380668188,640735.366049463,729888.886815174,0.1713143169155,0.1372499999755,2020.34844934426,2020.3825136612,287600000,hCoV-19/Belgium/ULG-10192/2020|EPI_ISL_471427|2020-05-20|Europe,Liège,Liège,4120,4100
450,827,823,0.02313535519,637343.749348071,726127.380668188,643959.125843804,723782.03683467,0.1603853551655,0.1372499999755,2020.34844934426,2020.37158469945,287600000,hCoV-19/Belgium/ULG-10233/2020|EPI_ISL_498139|2020-05-16|Europe,Liège,Liège,4120,4400
451,879,880,0.000148810646800002,639278.903331796,767079.789465526,639264.757598038,767058.099993177,0.000148810646800002,0,2020.68836053358,2020.68850934423,287600000,NA,Liège,Liège,4845,4845
454,880,881,0.01527,639264.757598038,767058.099993177,632945.919173808,705798.487703965,0.0154188106468,0.000148810646800002,2020.68850934423,2020.70377934423,287600000,NA,Liège,Liège,4845,4500
455,881,871,0.00933540983599999,632945.919173808,705798.487703965,633124.316813329,705473.876204064,0.0247542204828,0.0154188106468,2020.70377934423,2020.71311475407,287600000,hCoV-19/Belgium/ULG-10735/2020|EPI_ISL_641577|2020-09-18|Europe,Liège,Liège,4500,4500
458,882,885,0.00248000000000001,639264.757598038,767058.099993177,632300.314042337,748031.105468033,0.00262881064680001,0.000148810646800002,2020.68850934423,2020.69098934423,287600000,NA,Liège,Liège,4845,4920
459,883,873,0.1363839891,639144.908780193,766805.348894282,661692.444680689,760324.545778846,0.1449727997468,0.0085888106468,2020.69694934423,2020.83333333333,287600000,hCoV-19/Belgium/ULG-10772/2020|EPI_ISL_644618|2020-11-01|Europe,Liège,Liège,4845,4851
460,885,886,0.02485,632300.314042337,748031.105468033,649596.486521477,737846.197065473,0.0274788106468,0.00262881064680001,2020.69098934423,2020.71583934423,287600000,NA,Liège,Liège,4920,4020
462,886,878,7.65027314700295e-06,649596.486521477,737846.197065473,649595.04128069,737845.259612598,0.027486460919947,0.0274788106468,2020.71583934423,2020.7158469945,287600000,hCoV-19/Belgium/ULG-10752/2020|EPI_ISL_641594|2020-09-19|Europe,Liège,Liège,4020,4020
463,886,877,0.01093661202,649596.486521477,737846.197065473,631588.974873714,741924.583072082,0.0384154226668,0.0274788106468,2020.71583934423,2020.72677595625,287600000,hCoV-19/Belgium/ULG-10477/2020|EPI_ISL_581585|2020-09-23|Europe,Liège,Liège,4020,4140
464,892,887,0.05790087432,645259.306995446,699602.20289974,645334.42386449,700431.064663935,0.15955598232,0.101655108,2020.80821934426,2020.86612021858,287600000,hCoV-19/Belgium/ULG-10831/2020|EPI_ISL_661249|2020-11-13|Europe,Liège,Liège,4280,4280
466,898,895,0.1536898361,637715.506752341,732771.026316058,653086.21312582,737779.768178652,0.154205436244,0.000515600144000011,2020.72335934423,2020.87704918033,287600000,hCoV-19/Belgium/ULG-10799/2020|EPI_ISL_661229|2020-11-17|Europe,Liège,Liège,4122,4040
467,898,896,0.003416612022,637715.506752341,732771.026316058,637345.56550451,732154.026658062,0.00393221216600001,0.000515600144000011,2020.72335934423,2020.72677595625,287600000,hCoV-19/Belgium/ULG-10495/2020|EPI_ISL_581657|2020-09-23|Europe,Liège,Liège,4122,4122
469,912,913,0.07666,633463.624283965,752542.532307875,651029.383809855,742702.661279614,0.23265601916,0.15599601916,2020.70699934426,2020.78365934426,287600000,NA,Liège,Liège,4910,4671
470,913,914,0.02166,651029.383809855,742702.661279614,651252.59905873,742165.913779624,0.25431601916,0.23265601916,2020.78365934426,2020.80531934426,287600000,NA,Liège,Liège,4671,4671
471,913,903,0.03054830601,651029.383809855,742702.661279614,651039.566940927,741622.191566493,0.26320432517,0.23265601916,2020.78365934426,2020.81420765027,287600000,hCoV-19/Belgium/ULG-10631/2020|EPI_ISL_636610|2020-10-25|Europe,Liège,Liège,4671,4020
472,914,904,0.00342382513700001,651252.59905873,742165.913779624,651721.985411569,742583.536376387,0.257739844297,0.25431601916,2020.80531934426,2020.8087431694,287600000,hCoV-19/Belgium/ULG-10584/2020|EPI_ISL_626298|2020-10-23|Europe,Liège,Liège,4671,4671
473,914,905,0.00342382513700001,651252.59905873,742165.913779624,646370.814600415,743767.676282966,0.257739844297,0.25431601916,2020.80531934426,2020.8087431694,287600000,hCoV-19/Belgium/ULG-10574/2020|EPI_ISL_626262|2020-10-23|Europe,Liège,Liège,4671,4620
474,948,943,0.04673382514,654346.634056834,728906.583369264,643556.737179217,744402.729909001,0.04673382514,0,2020.76200934426,2020.8087431694,287600000,hCoV-19/Belgium/ULG-10538/2020|EPI_ISL_626326|2020-10-23|Europe,Liège,Liège,4432,4870
475,948,949,0.0285,654346.634056834,728906.583369264,656187.608250178,729924.734927327,0.0285,0,2020.76200934426,2020.79050934426,287600000,NA,Liège,Liège,4432,4432
476,949,944,0.01823382514,656187.608250178,729924.734927327,656178.911985543,729668.069951748,0.04673382514,0.0285,2020.79050934426,2020.8087431694,287600000,hCoV-19/Belgium/ULG-10585/2020|EPI_ISL_626336|2020-10-23|Europe,Liège,Liège,4432,4432
477,949,950,0.01486,656187.608250178,729924.734927327,630832.582346848,706016.659156224,0.04336,0.0285,2020.79050934426,2020.80536934426,287600000,NA,Liège,Liège,4432,4500
479,950,951,0.01116,630832.582346848,706016.659156224,631525.647479237,706642.221431594,0.05452,0.04336,2020.80536934426,2020.81652934426,287600000,NA,Liège,Liège,4500,4500
480,951,946,0.06051983607,631525.647479237,706642.221431594,631168.877691834,706255.908593993,0.11503983607,0.05452,2020.81652934426,2020.87704918033,287600000,hCoV-19/Belgium/ULG-10811/2020|EPI_ISL_661236|2020-11-17|Europe,Liège,Liège,4500,4500
481,951,947,0.000410546448000003,631525.647479237,706642.221431594,631576.614486213,706711.210301195,0.054930546448,0.05452,2020.81652934426,2020.81693989071,287600000,hCoV-19/Belgium/ULG-10712/2020|EPI_ISL_636683|2020-10-26|Europe,Liège,Liège,4500,4500
482,967,970,0.00657400038399999,643070.976155941,726947.177990266,646114.036239485,728816.202130809,0.00657400038399999,0,2020.20580934427,2020.21238334465,287600000,NA,Liège,Liège,4400,4101
483,967,968,0.05374,643070.976155941,726947.177990266,643155.840826155,727405.050273523,0.05374,0,2020.20580934427,2020.25954934427,287600000,NA,Liège,Liège,4400,4400
484,968,959,1.34972676199829e-05,643155.840826155,727405.050273523,643128.407401739,727461.292078164,0.05375349726762,0.05374,2020.25954934427,2020.25956284153,287600000,hCoV-19/Belgium/ULG-10063/2020|EPI_ISL_424665|2020-04-05|Europe,Liège,Liège,4400,4400
487,969,960,1.57377049700008e-05,642839.682195724,729359.866729802,640110.141490167,731888.832860891,0.05648573770497,0.05647,2020.26227934427,2020.26229508197,287600000,hCoV-19/Belgium/ULG-10107/2020|EPI_ISL_427358|2020-04-06|Europe,Liège,Liège,4100,4100
488,970,971,0.05760599962,646114.036239485,728816.202130809,655687.999483319,739816.192554445,0.064180000004,0.00657400038399999,2020.21238334465,2020.26998934427,287600000,NA,Liège,Liège,4101,4680
489,970,973,0.000715999615500007,646114.036239485,728816.202130809,646503.466433523,728758.29879556,0.0072899999995,0.00657400038399999,2020.21238334465,2020.21309934427,287600000,NA,Liège,Liège,4101,4101
490,971,962,0.02509262295,655687.999483319,739816.192554445,655845.834547298,737698.098149583,0.089272622954,0.064180000004,2020.26998934427,2020.29508196722,287600000,hCoV-19/Belgium/ULG-10155/2020|EPI_ISL_447151|2020-04-18|Europe,Liège,Liège,4680,4680
491,971,972,0.02507,655687.999483319,739816.192554445,655652.561382407,739930.827712735,0.089250000004,0.064180000004,2020.26998934427,2020.29505934427,287600000,NA,Liège,Liège,4680,4680
492,972,963,0.07379311475,655652.561382407,739930.827712735,653993.854394291,736917.255106649,0.163043114754,0.089250000004,2020.29505934427,2020.36885245902,287600000,hCoV-19/Belgium/ULG-10208/2020|EPI_ISL_484697|2020-05-15|Europe,Liège,Liège,4680,4041
493,972,964,2.26229507200026e-05,655652.561382407,739930.827712735,655650.728039086,739910.403297073,0.08927262295472,0.089250000004,2020.29505934427,2020.29508196722,287600000,hCoV-19/Belgium/ULG-10156/2020|EPI_ISL_447152|2020-04-18|Europe,Liège,Liège,4680,4680
494,973,965,1.54098360199972e-05,646503.466433523,728758.29879556,646498.754328935,728772.80835941,0.00730540983552,0.0072899999995,2020.21309934427,2020.2131147541,287600000,hCoV-19/Belgium/ULG-8634/2020|EPI_ISL_418640|2020-03-19|Europe,Liège,Liège,4101,4101
496,1499,981,0.01406092896,638138.490638573,724031.269734138,653756.880624094,734261.835141199,0.0482281640936,0.0341672351336,2020.1935893443,2020.20765027326,287600000,hCoV-19/Belgium/HMM-0317327/2020|EPI_ISL_462181|2020-03-17|Europe,Liège,Liège,4480,4451
497,1499,982,0.06324125683,638138.490638573,724031.269734138,638289.429016317,724040.817117477,0.0974084919636,0.0341672351336,2020.1935893443,2020.25683060113,287600000,hCoV-19/Belgium/ULG-10092/2020|EPI_ISL_424647|2020-04-04|Europe,Liège,Liège,4480,4480
498,1502,986,1.54098360199972e-05,651734.546589769,741668.624946058,651744.064496202,741658.471194025,0.05369264496962,0.0536772351336,2020.2130993443,2020.21311475414,287600000,hCoV-19/Belgium/OT-0319109/2020|EPI_ISL_420365|2020-03-19|Europe,Liège,Liège,4020,4020
499,1515,999,0.0196434972699999,633935.481762448,758357.685446708,633945.740746151,758238.830176841,0.1001407324035,0.0804972351335,2020.2399193443,2020.25956284157,287600000,hCoV-19/Belgium/ULG-10056/2020|EPI_ISL_424655|2020-04-05|Europe,Liège,Liège,4845,4845
500,1515,1516,0.00268999999999997,633935.481762448,758357.685446708,633934.325316311,758354.940053918,0.0831872351335,0.0804972351335,2020.2399193443,2020.2426093443,287600000,NA,Liège,Liège,4845,4845
501,1516,1000,0.05520486339,633934.325316311,758354.940053918,647449.650043107,760520.548797087,0.1383920985235,0.0831872351335,2020.2426093443,2020.29781420769,287600000,hCoV-19/Belgium/ULG-10163/2020|EPI_ISL_447157|2020-04-19|Europe,Liège,Liège,4845,4831
502,1516,1517,0.01115,633934.325316311,758354.940053918,636280.348454086,765900.360127073,0.0943372351335,0.0831872351335,2020.2426093443,2020.2537593443,287600000,NA,Liège,Liège,4845,4845
504,1517,1001,0.000339016393399949,636280.348454086,765900.360127073,636282.755706651,765903.8448959,0.0946762515269,0.0943372351335,2020.2537593443,2020.25409836069,287600000,hCoV-19/Belgium/ULG-10069/2020|EPI_ISL_424633|2020-04-03|Europe,Liège,Liège,4845,4845
505,1518,1002,0.0034202185790001,634633.375536022,753277.556747113,634641.772127775,753355.500100618,0.1083374537125,0.1049172351335,2020.2643393443,2020.26775956288,287600000,hCoV-19/Belgium/ULG-10137/2020|EPI_ISL_427382|2020-04-08|Europe,Liège,Liège,4910,4910
506,1518,1003,0.000687978142100087,634633.375536022,753277.556747113,641346.662420633,754753.6451414,0.1056052132756,0.1049172351335,2020.2643393443,2020.26502732244,287600000,hCoV-19/Belgium/ULG-10111/2020|EPI_ISL_427361|2020-04-07|Europe,Liège,Liège,4910,4800
507,1523,1524,0.0132,634490.026515563,734394.109542438,634443.465449441,734341.397050212,0.0852872351335,0.0720872351335,2020.2315093443,2020.2447093443,287600000,NA,Liège,Liège,4130,4130
508,1523,1525,0.0108999999999999,634490.026515563,734394.109542438,633919.657274317,734034.212079021,0.0829872351334999,0.0720872351335,2020.2315093443,2020.2424093443,287600000,NA,Liège,Liège,4130,4130
509,1525,1009,0.1045851913,633919.657274317,734034.212079021,644866.18597885,735602.530896606,0.1875724264335,0.0829872351334999,2020.2424093443,2020.3469945356,287600000,hCoV-19/Belgium/ULG-10206/2020|EPI_ISL_484695|2020-05-07|Europe,Liège,Liège,4130,4031
510,1525,1526,0.11277,633919.657274317,734034.212079021,633905.683911203,733966.416876433,0.1957572351335,0.0829872351334999,2020.2424093443,2020.3551793443,287600000,NA,Liège,Liège,4130,4130
511,1526,1010,0.02186983607,633905.683911203,733966.416876433,636001.339161305,733409.470405932,0.2176270712035,0.1957572351335,2020.3551793443,2020.37704918037,287600000,hCoV-19/Belgium/ULG-10195/2020|EPI_ISL_471430|2020-05-18|Europe,Liège,Liège,4130,4130
512,1526,1011,1.19125681700138e-05,633905.683911203,733966.416876433,633903.518721289,733969.935838166,0.19576914770167,0.1957572351335,2020.3551793443,2020.35519125687,287600000,hCoV-19/Belgium/ULG-10190/2020|EPI_ISL_455978|2020-05-10|Europe,Liège,Liège,4130,4130
514,1531,1535,0.0112000000000001,646159.774662188,724665.57598925,646146.383132177,724748.787959143,0.04083723513374,0.0296372351337399,2020.1890593443,2020.2002593443,287600000,NA,Liège,Liège,4400,4400
515,1532,1014,0.04427125683,647224.320266478,719893.802189418,647205.116788928,719878.750528854,0.09740849196374,0.05313723513374,2020.2125593443,2020.25683060113,287600000,hCoV-19/Belgium/ULG-10077/2020|EPI_ISL_424642|2020-04-04|Europe,Liège,Liège,4460,4460
516,1532,1533,0.01147,647224.320266478,719893.802189418,658189.803057067,758926.248578766,0.06460723513374,0.05313723513374,2020.2125593443,2020.2240293443,287600000,NA,Liège,Liège,4460,4852
518,1533,1015,1.43715847499282e-05,658189.803057067,758926.248578766,658189.911709655,758925.546681184,0.0646216067184899,0.06460723513374,2020.2240293443,2020.22404371589,287600000,hCoV-19/Belgium/ULG-0189/2020|EPI_ISL_447129|2020-03-23|Europe,Liège,Liège,4852,4852
520,1534,1016,0.01404901639,653897.168577797,743224.792896536,643034.030540462,741710.588381918,0.09467625152374,0.08062723513374,2020.2400493443,2020.25409836069,287600000,hCoV-19/Belgium/ULG-10081/2020|EPI_ISL_424640|2020-04-03|Europe,Liège,Liège,4602,4050
522,1535,1018,0.01558765027,646146.383132177,724748.787959143,645876.362000332,724645.816429685,0.05642488540374,0.04083723513374,2020.2002593443,2020.21584699457,287600000,hCoV-19/Belgium/ULG-10216/2020|EPI_ISL_484704|2020-03-20|Europe,Liège,Liège,4400,4400
523,1536,1538,0.00864879419999998,642709.332704657,738235.210771564,649951.246645021,740146.277566358,0.05895602933374,0.05030723513374,2020.2097293443,2020.2183781385,287600000,NA,Liège,Liège,4053,4020
524,1536,1537,0.01156,642709.332704657,738235.210771564,642694.540023876,738212.135862415,0.06186723513374,0.05030723513374,2020.2097293443,2020.2212893443,287600000,NA,Liège,Liège,4053,4053
525,1537,1020,2.21311476299446e-05,642694.540023876,738212.135862415,642693.373794547,738192.943492869,0.06188936628137,0.06186723513374,2020.2212893443,2020.22131147545,287600000,hCoV-19/Belgium/ULG-9716/2020|EPI_ISL_418657|2020-03-22|Europe,Liège,Liège,4053,4053
527,1538,1540,0.000181205800300011,649951.246645021,740146.277566358,649972.673599298,740146.207585752,0.05913723513404,0.05895602933374,2020.2183781385,2020.2185593443,287600000,NA,Liège,Liège,4020,4020
529,1539,1022,0.02461005464,649972.673599298,740146.207585752,646454.331909914,740300.602423161,0.08374728977404,0.05913723513404,2020.2185593443,2020.24316939894,287600000,hCoV-19/Belgium/ULG-10040/2020|EPI_ISL_421208|2020-03-30|Europe,Liège,Liège,4020,4610
530,1539,1021,0.04100349727,649972.673599298,740146.207585752,650352.675215162,735836.282137348,0.10014073240404,0.05913723513404,2020.2185593443,2020.25956284157,287600000,hCoV-19/Belgium/ULG-10060/2020|EPI_ISL_424663|2020-04-05|Europe,Liège,Liège,4020,4000
531,1540,1024,1.98907102699764e-05,649972.673599298,740146.207585752,649944.528814386,740139.759482557,0.05915712584431,0.05913723513404,2020.2185593443,2020.21857923501,287600000,hCoV-19/Belgium/ULG-9558/2020|EPI_ISL_418645|2020-03-21|Europe,Liège,Liège,4020,4020
532,1540,1023,0.02461005464,649972.673599298,740146.207585752,641896.405894611,719904.194123305,0.08374728977404,0.05913723513404,2020.2185593443,2020.24316939894,287600000,hCoV-19/Belgium/ULG-10008/2020|EPI_ISL_421187|2020-03-30|Europe,Liège,Liège,4020,4470
533,1542,1543,0.000387688828900057,641127.172192729,733632.883034091,641128.527901957,733634.830194143,0.02635723513094,0.02596954630204,2020.18539165547,2020.1857793443,287600000,NA,Liège,Liège,4031,4031
534,1542,1544,0.000387688828900057,641127.172192729,733632.883034091,641128.527901957,733634.830194143,0.02635723513094,0.02596954630204,2020.18539165547,2020.1857793443,287600000,NA,Liège,Liège,4031,4031
536,1543,1025,0.03553213115,641128.527901957,733634.830194143,644826.45123558,734144.457837609,0.06188936628094,0.02635723513094,2020.1857793443,2020.22131147545,287600000,hCoV-19/Belgium/ULG-9739/2020|EPI_ISL_418663|2020-03-22|Europe,Liège,Liège,4031,4000
538,1544,1028,1.30054645299804e-05,641128.527901957,733634.830194143,647804.216736068,740403.569021691,0.02637024059547,0.02635723513094,2020.1857793443,2020.18579234976,287600000,hCoV-19/Belgium/FAE-030948/2020|EPI_ISL_420445|2020-03-09|Europe,Liège,Liège,4031,4020
539,1548,1549,0.00189000000000006,651249.653541318,733232.98475957,651264.34093679,733266.977083234,0.07145723512914,0.06956723512914,2020.2289893443,2020.2308793443,287600000,NA,Liège,Liège,4000,4000
541,1550,1033,0.0300726229499999,651085.54151783,733183.707421243,645833.108459581,736429.002158018,0.13565985807914,0.10558723512914,2020.2650093443,2020.29508196725,287600000,hCoV-19/Belgium/ULG-10159/2020|EPI_ISL_447154|2020-04-18|Europe,Liège,Liège,4000,4020
542,1550,1032,1.7978142099917e-05,651085.54151783,733183.707421243,650406.029108391,732760.896505495,0.10560521327124,0.10558723512914,2020.2650093443,2020.26502732244,287600000,hCoV-19/Belgium/ULG-10119/2020|EPI_ISL_427367|2020-04-07|Europe,Liège,Liège,4000,4430
544,1562,1563,0.00883999999999996,645151.258279981,739785.397916057,645136.531093274,739692.814057694,0.08045723513254,0.07161723513254,2020.2310393443,2020.2398793443,287600000,NA,Liège,Liège,4051,4051
545,1563,1564,0.00328000000000006,645136.531093274,739692.814057694,642030.329864517,755201.625348883,0.0837372351325401,0.08045723513254,2020.2398793443,2020.2431593443,287600000,NA,Liège,Liège,4051,4800
547,1564,1565,0.000369999999999981,642030.329864517,755201.625348883,642033.339192017,755200.352296008,0.08410723513254,0.0837372351325401,2020.2431593443,2020.2435293443,287600000,NA,Liège,Liège,4800,4800
548,1564,1047,1.00546448599248e-05,642030.329864517,755201.625348883,654688.41446846,735799.733781555,0.0837472897774,0.0837372351325401,2020.2431593443,2020.24316939895,287600000,hCoV-19/Belgium/ULG-10038/2020|EPI_ISL_427346|2020-03-30|Europe,Liège,Liège,4800,4041
549,1565,1049,0.05155262295,642033.339192017,755200.352296008,644535.103896559,729947.883055654,0.13565985808254,0.08410723513254,2020.2435293443,2020.29508196725,287600000,hCoV-19/Belgium/ULG-10152/2020|EPI_ISL_447140|2020-04-18|Europe,Liège,Liège,4800,4100
550,1565,1048,0.00237229508199999,642033.339192017,755200.352296008,642031.875571751,755210.901208138,0.08647953021454,0.08410723513254,2020.2435293443,2020.24590163938,287600000,hCoV-19/Belgium/ULG-10033/2020|EPI_ISL_421207|2020-03-31|Europe,Liège,Liège,4800,4800
551,1570,1571,0.00193999999999994,643575.910482115,724674.308051924,645639.313806371,735932.262656605,0.06187723513254,0.05993723513254,2020.2193593443,2020.2212993443,287600000,NA,Liège,Liège,4400,4031
552,1571,1053,1.21311476299901e-05,645639.313806371,735932.262656605,645639.969848886,735934.328672836,0.0618893662801699,0.06187723513254,2020.2212993443,2020.22131147545,287600000,hCoV-19/Belgium/ULG-9715/2020|EPI_ISL_418656|2020-03-22|Europe,Liège,Liège,4031,4031
553,1571,1572,0.03825,645639.313806371,735932.262656605,639373.556691256,732786.433855851,0.10012723513254,0.06187723513254,2020.2212993443,2020.2595493443,287600000,NA,Liège,Liège,4031,4100
554,1572,1055,0.00274573770499997,639373.556691256,732786.433855851,647589.934073726,738177.533100263,0.10287297283754,0.10012723513254,2020.2595493443,2020.26229508201,287600000,hCoV-19/Belgium/ULG-10099/2020|EPI_ISL_427350|2020-04-06|Europe,Liège,Liège,4100,4030
555,1572,1054,1.34972676200107e-05,639373.556691256,732786.433855851,639373.197141766,732787.79729451,0.10014073240016,0.10012723513254,2020.2595493443,2020.25956284157,287600000,hCoV-19/Belgium/ULG-10062/2020|EPI_ISL_424664|2020-04-05|Europe,Liège,Liège,4100,4100
556,1652,1135,1.21311476299901e-05,651827.015079462,728648.982690658,651796.754691319,728644.674675499,0.06188936627803,0.0618772351304,2020.2212993443,2020.22131147545,287600000,hCoV-19/Belgium/ULG-9619/2020|EPI_ISL_418649|2020-03-22|Europe,Liège,Liège,4340,4340
557,1652,1134,1.21311476299901e-05,651827.015079462,728648.982690658,651342.938565013,733770.132225117,0.06188936627803,0.0618772351304,2020.2212993443,2020.22131147545,287600000,hCoV-19/Belgium/ULG-9725/2020|EPI_ISL_418659|2020-03-22|Europe,Liège,Liège,4340,4000
559,1653,1657,0.00203000000000009,641138.27767183,702594.187540598,641145.198911296,702606.560750092,0.0794072351304,0.0773772351304,2020.2367993443,2020.2388293443,287600000,NA,Liège,Liège,4210,4210
560,1654,1656,0.000457562667599998,648896.802219579,740929.751679847,648890.526998495,740937.646470947,0.0826472351300001,0.0821896724624001,2020.24161178163,2020.2420693443,287600000,NA,Liège,Liège,4020,4020
561,1654,1655,0.000457562667599998,648896.802219579,740929.751679847,648890.526998495,740937.646470947,0.0826472351300001,0.0821896724624001,2020.24161178163,2020.2420693443,287600000,NA,Liège,Liège,4020,4020
562,1655,1137,0.1049251913,648890.526998495,740937.646470947,648857.260806023,741022.280313775,0.18757242643,0.0826472351300001,2020.2420693443,2020.3469945356,287600000,hCoV-19/Belgium/ULG-10205/2020|EPI_ISL_484694|2020-05-07,Liège,Liège,4020,4610
563,1656,1138,0.15957,648890.526998495,740937.646470947,644362.053493397,757784.978912027,0.24221723513,0.0826472351300001,2020.2420693443,2020.4016393443,287600000,hCoV-19/Belgium/ULG-10197/2020|EPI_ISL_471432|2020-05-27|Europe,Liège,Liège,4020,4801
564,1657,1658,0.00124581545899993,641145.198911296,702606.560750092,641148.4658298,702567.40467635,0.0806530505894,0.0794072351304,2020.2388293443,2020.24007515976,287600000,NA,Liège,Liège,4210,4210
566,1658,1659,0.00533418454099999,641148.4658298,702567.40467635,648670.133022457,732785.625783186,0.0859872351304,0.0806530505894,2020.24007515976,2020.2454093443,287600000,NA,Liège,Liège,4210,4000
568,1659,1660,0.00867000000000007,648670.133022457,732785.625783186,648620.323427021,732768.139840895,0.0946572351304,0.0859872351304,2020.2454093443,2020.2540793443,287600000,NA,Liège,Liège,4000,4000
569,1660,1143,1.90163933699861e-05,648620.323427021,732768.139840895,648617.40782981,732770.922894068,0.09467625152377,0.0946572351304,2020.2540793443,2020.25409836069,287600000,hCoV-19/Belgium/ULG-10074/2020|EPI_ISL_424634|2020-04-03|Europe,Liège,Liège,4000,4000
570,1678,1162,0.0259021311500001,644308.181363586,731726.658414633,646435.296185251,728818.863147991,0.0618893662834,0.0359872351334,2020.1954093443,2020.22131147545,287600000,hCoV-19/Belgium/ULG-9738/2020|EPI_ISL_418662|2020-03-22|Europe,Liège,Liège,4100,4101
571,1678,1679,0.00185000000000002,644308.181363586,731726.658414633,644273.540300033,731779.389473485,0.0378372351334,0.0359872351334,2020.1954093443,2020.1972593443,287600000,NA,Liège,Liège,4100,4100
572,1681,1682,0.00232741827100003,622139.576873587,733598.66004402,622127.077281067,733594.054799596,0.0618872351314,0.0595598168604,2020.21898192603,2020.2213093443,287600000,NA,Liège,Liège,4190,4190
574,1682,1165,2.13114762692701e-06,622127.077281067,733594.054799596,631450.8127789,712273.796519486,0.061889366279027,0.0618872351314,2020.2213093443,2020.22131147545,287600000,hCoV-19/Belgium/ULG-9618/2020|EPI_ISL_418648|2020-03-22|Europe,Liège,Liège,4190,4570
575,1682,1164,2.13114762692701e-06,622127.077281067,733594.054799596,622128.222741296,733595.529407776,0.061889366279027,0.0618872351314,2020.2213093443,2020.22131147545,287600000,hCoV-19/Belgium/ULG-9617/2020|EPI_ISL_418647|2020-03-22,Liège,Liège,4190,4190
576,1683,1166,0.0376012568299999,622137.570883675,733601.298332557,631426.460594051,736294.154946304,0.0974084919611999,0.0598072351312,2020.2192293443,2020.25683060113,287600000,hCoV-19/Belgium/ULG-10094/2020|EPI_ISL_424650|2020-04-04|Europe,Liège,Liège,4190,4140
579,1706,1187,0.02495021858,642616.862469008,732396.596603183,639420.426569105,730360.005352637,0.1083374537123,0.0833872351323,2020.2428093443,2020.26775956288,287600000,hCoV-19/Belgium/ULG-10134/2020|EPI_ISL_427379|2020-04-08|Europe,Liège,Liège,4102,4100
580,1719,1720,0.00313299345700002,644250.628111336,731848.366639443,644273.047061565,731846.876652724,0.0448302285904,0.0416972351334,2020.2011193443,2020.20425233776,287600000,NA,Liège,Liège,4100,4100
581,1720,1204,0.00066569506780001,644273.047061565,731846.876652724,638098.908033883,740693.30073208,0.0454959236582,0.0448302285904,2020.20425233776,2020.20491803283,287600000,hCoV-19/Belgium/ULG-7500/2020|EPI_ISL_418632|2020-03-16|Europe,Liège,Liège,4100,4140
582,1720,1203,0.00066569506780001,644273.047061565,731846.876652724,644281.081056003,731828.985371117,0.0454959236582,0.0448302285904,2020.20425233776,2020.20491803283,287600000,hCoV-19/Belgium/ULG-7134/2020|EPI_ISL_418628|2020-03-16|Europe,Liège,Liège,4100,4100
585,1741,1225,2.99853320300247e-05,640533.781500844,725489.973265889,645124.103979611,725381.961346624,0.45806422963393,0.4580342443019,2020.61745635347,2020.6174863388,287600000,hCoV-19/Belgium/ULG-10425/2020|EPI_ISL_581605|2020-08-14|Europe,Liège,Liège,4400,4400
588,1746,1747,0.0006947377423,645218.191218568,753689.063559182,644535.544012785,755680.779341846,0.4361972351039,0.4355024973616,2020.59492460653,2020.59561934427,287600000,NA,Liège,Liège,4800,4821
589,1747,1230,9.07103823100108e-06,644535.544012785,755680.779341846,644535.174615972,755680.476822304,0.436206306142131,0.4361972351039,2020.59561934427,2020.59562841531,287600000,hCoV-19/Belgium/ULG-10360/2020|EPI_ISL_540527|2020-08-06|Europe,Liège,Liège,4821,4821
592,1754,1755,0.000172863267200007,649012.624955994,738384.650838444,649010.589442998,738381.050389286,0.416657235103,0.4164843718358,2020.575906481,2020.57607934427,287600000,NA,Liège,Liège,4020,4020
593,1754,1756,0.000172863267200007,649012.624955994,738384.650838444,649010.589442998,738381.050389286,0.416657235103,0.4164843718358,2020.575906481,2020.57607934427,287600000,NA,Liège,Liège,4020,4020
595,1755,1235,0.07419387978,649010.589442998,738381.050389286,646719.734940172,737967.231177761,0.490851114883,0.416657235103,2020.57607934427,2020.65027322405,287600000,hCoV-19/Belgium/ULG-10448/2020|EPI_ISL_581589|2020-08-26,Liège,Liège,4020,4030
596,1756,1757,0.02911038169,649010.589442998,738381.050389286,648838.129344311,738485.819970259,0.445767616793,0.416657235103,2020.57607934427,2020.60518972596,287600000,NA,Liège,Liège,4020,4020
597,1756,1761,0.000259999999999982,649010.589442998,738381.050389286,648993.299345695,738379.461749836,0.416917235103,0.416657235103,2020.57607934427,2020.57633934427,287600000,NA,Liège,Liège,4020,4020
598,1757,1760,0.000533888255499992,648838.129344311,738485.819970259,648798.085023467,738313.821604108,0.4463015050485,0.445767616793,2020.60518972596,2020.60572361422,287600000,NA,Liège,Liège,4020,4020
599,1757,1758,0.02030961831,648838.129344311,738485.819970259,648817.238550222,738405.797768558,0.466077235103,0.445767616793,2020.60518972596,2020.62549934427,287600000,NA,Liège,Liège,4020,4020
600,1758,1237,0.03023836066,648817.238550222,738405.797768558,644064.182456184,731432.027170694,0.496315595763,0.466077235103,2020.62549934427,2020.65573770493,287600000,hCoV-19/Belgium/ULG-10456/2020|EPI_ISL_581580|2020-08-28|Europe,Liège,Liège,4020,4100
601,1758,1759,0.02137,648817.238550222,738405.797768558,649262.798815786,737020.194888846,0.487447235103,0.466077235103,2020.62549934427,2020.64686934427,287600000,NA,Liège,Liège,4020,4020
603,1759,1239,0.00340387978099999,649262.798815786,737020.194888846,647807.342644015,747101.234282772,0.490851114884,0.487447235103,2020.64686934427,2020.65027322405,287600000,hCoV-19/Belgium/ULG-10447/2020|EPI_ISL_581623|2020-08-26|Europe,Liège,Liège,4020,4630
604,1760,1240,0.000833762836600027,648798.085023467,738313.821604108,648796.88759702,738313.371853266,0.4471352678851,0.4463015050485,2020.60572361422,2020.60655737705,287600000,hCoV-19/Belgium/ULG-10400/2020|EPI_ISL_540567|2020-08-10|Europe,Liège,Liège,4020,4020
605,1760,1241,0.02815616721,648798.085023467,738313.821604108,654000.12065822,721780.105796063,0.4744576722585,0.4463015050485,2020.60572361422,2020.63387978143,287600000,hCoV-19/Belgium/ULG-10405/2020|EPI_ISL_540572|2020-08-20|Europe,Liège,Liège,4020,4350
606,1761,1242,0.07939836066,648993.299345695,738379.461749836,626756.047270045,714312.470250747,0.496315595763,0.416917235103,2020.57633934427,2020.65573770493,287600000,hCoV-19/Belgium/ULG-10454/2020|EPI_ISL_581628|2020-08-28|Europe,Liège,Liège,4020,4570
607,1761,1762,0.0176,648993.299345695,738379.461749836,645979.696506428,759126.779435291,0.434517235103,0.416917235103,2020.57633934427,2020.59393934427,287600000,NA,Liège,Liège,4020,4821
608,1762,1243,0.00168907103799998,645979.696506428,759126.779435291,645981.674269815,759131.195067782,0.436206306141,0.434517235103,2020.59393934427,2020.59562841531,287600000,hCoV-19/Belgium/ULG-10372/2020|EPI_ISL_540539|2020-08-06|Europe,Liège,Liège,4821,4821
610,1763,1764,0.000730000000000008,645997.217471409,759116.291629951,648022.133832715,756926.585676085,0.437477235103,0.436747235103,2020.59616934427,2020.59689934427,287600000,NA,Liège,Liège,4821,4821
611,1763,1244,0.00219131147500001,645997.217471409,759116.291629951,651143.039968987,741512.927109256,0.438938546578,0.436747235103,2020.59616934427,2020.59836065575,287600000,hCoV-19/Belgium/ULG-10389/2020|EPI_ISL_540556|2020-08-07|Europe,Liège,Liège,4821,4020
612,1764,1765,0.02824512959,648022.133832715,756926.585676085,653075.899834034,741625.002667951,0.465722364693,0.437477235103,2020.59689934427,2020.62514447386,287600000,NA,Liège,Liège,4821,4602
614,1765,1247,0.02512875019,653075.899834034,741625.002667951,640694.391863785,706853.227455196,0.490851114883,0.465722364693,2020.62514447386,2020.65027322405,287600000,hCoV-19/Belgium/ULG-10450/2020|EPI_ISL_581625|2020-08-26|Europe,Liège,Liège,4602,4520
615,1765,1246,0.000538586253999995,653075.899834034,741625.002667951,653069.834893965,741603.683802993,0.466260950947,0.465722364693,2020.62514447386,2020.62568306011,287600000,hCoV-19/Belgium/ULG-10625/2020|EPI_ISL_626234|2020-08-17|Europe,Liège,Liège,4602,4602
616,1768,1248,0.05491371585,640887.130364322,755984.34732313,640771.782579431,756111.357558478,0.4662609509556,0.4113472351056,2020.57076934427,2020.62568306012,287600000,hCoV-19/Belgium/ULG-10621/2020|EPI_ISL_626233|2020-08-17|Europe,Liège,Liège,4802,4802
617,1768,1249,0.05218147541,640887.130364322,755984.34732313,644883.528587836,729745.42766004,0.4635287105156,0.4113472351056,2020.57076934427,2020.62295081968,287600000,hCoV-19/Belgium/ULG-10623/2020|EPI_ISL_626231|2020-08-16|Europe,Liège,Liège,4802,4101
618,1770,1771,0.00189,647986.591603149,738352.631586322,647979.358656475,738444.312764696,0.4150972351056,0.4132072351056,2020.57262934427,2020.57451934427,287600000,NA,Liège,Liège,4020,4020
619,1770,1774,0.00279459879499999,647986.591603149,738352.631586322,647966.452540131,738363.051810512,0.4160018339006,0.4132072351056,2020.57262934427,2020.57542394307,287600000,NA,Liège,Liège,4020,4020
620,1771,1773,0.00165999999999999,647979.358656475,738444.312764696,647961.808052142,738450.697523325,0.4167572351056,0.4150972351056,2020.57451934427,2020.57617934427,287600000,NA,Liège,Liège,4020,4020
621,1771,1772,0.00197000000000003,647979.358656475,738444.312764696,646199.156112629,738001.607574177,0.4170672351056,0.4150972351056,2020.57451934427,2020.57648934427,287600000,NA,Liège,Liège,4020,4030
622,1772,1252,1.33879781200053e-05,646199.156112629,738001.607574177,646200.764454022,737997.944681658,0.41708062308372,0.4170672351056,2020.57648934427,2020.57650273225,287600000,hCoV-19/Belgium/ULG-10336/2020|EPI_ISL_540503|2020-07-30|Europe,Liège,Liège,4030,4030
624,1774,1775,0.0005454012053,647966.452540131,738363.051810512,647936.470409598,738378.946134425,0.4165472351059,0.4160018339006,2020.57542394307,2020.57596934427,287600000,NA,Liège,Liège,4020,4020
626,1775,1256,0.05517819672,647936.470409598,738378.946134425,633207.1514145,738829.871199728,0.4717254318259,0.4165472351059,2020.57596934427,2020.63114754099,287600000,hCoV-19/Belgium/ULG-10402/2020|EPI_ISL_540569|2020-08-19|Europe,Liège,Liège,4020,4140
627,1775,1255,0.02239131148,647936.470409598,738378.946134425,646063.68449455,734261.371615601,0.4389385465859,0.4165472351059,2020.57596934427,2020.59836065575,287600000,hCoV-19/Belgium/ULG-10391/2020|EPI_ISL_540558|2020-08-07|Europe,Liège,Liège,4020,4000
629,1776,1778,0.001399356543,647979.931893657,738396.410698011,647902.426599049,737676.08501995,0.4189572351056,0.4175578785626,2020.57697998773,2020.57837934427,287600000,NA,Liège,Liège,4020,4020
631,1777,1258,0.00133562841500001,647973.377581798,738405.076694362,646981.349150638,755728.40028816,0.4198128635208,0.4184772351058,2020.57789934427,2020.57923497269,287600000,hCoV-19/Belgium/ULG-10339/2020|EPI_ISL_540506|2020-07-31|Europe,Liège,Liège,4020,4820
632,1778,1780,0.000240000000000018,647902.426599049,737676.08501995,647898.907905791,737671.356755459,0.4191972351056,0.4189572351056,2020.57837934427,2020.57861934427,287600000,NA,Liège,Liège,4020,4020
635,1781,1262,0.01800699454,647840.763787232,737643.991762979,648167.291869669,737662.347512541,0.4580642296456,0.4400572351056,2020.59947934427,2020.61748633881,287600000,hCoV-19/Belgium/ULG-10430/2020|EPI_ISL_581608|2020-08-14|Europe,Liège,Liège,4020,4020
636,1781,1782,0.00229000000000001,647840.763787232,737643.991762979,647809.798314366,737165.09688968,0.4423472351056,0.4400572351056,2020.59947934427,2020.60176934427,287600000,NA,Liège,Liège,4020,4020
638,1782,1784,0.01953,647809.798314366,737165.09688968,647934.588850708,737230.04257674,0.4618772351056,0.4423472351056,2020.60176934427,2020.62129934427,287600000,NA,Liège,Liège,4020,4020
640,1783,1264,0.000340702430299988,647802.106137315,737116.763986002,647798.745050835,737436.852683128,0.4471352678929,0.4467945654626,2020.60621667463,2020.60655737706,287600000,hCoV-19/Belgium/ULG-10393/2020|EPI_ISL_540560|2020-08-10|Europe,Liège,Liège,4020,4020
641,1784,1266,0.00438371584699998,647934.588850708,737230.04257674,647382.974922865,736246.813393139,0.4662609509526,0.4618772351056,2020.62129934427,2020.62568306012,287600000,hCoV-19/Belgium/ULG-10437/2020|EPI_ISL_581615|2020-08-17|Europe,Liège,Liège,4020,4020
642,1790,1791,0.00202531620099999,647930.586533738,730636.535323592,634907.843136192,751268.793857071,0.3596525513026,0.3576272351016,2020.51704934427,2020.51907466047,287600000,NA,Liège,Liège,4420,4910
643,1790,1795,0.0271899324,647930.586533738,730636.535323592,647949.973060927,730653.922555758,0.3848171675016,0.3576272351016,2020.51704934427,2020.54423927667,287600000,NA,Liège,Liège,4420,4420
646,1792,1793,0.007423937223,635109.799961741,753566.401218458,647551.142219753,737329.680864774,0.3807859473056,0.3733620100826,2020.53278411925,2020.54020805647,287600000,NA,Liège,Liège,4910,4030
647,1792,1274,2.76600630100265e-06,635109.799961741,753566.401218458,635110.681001041,753565.636173796,0.373364776088901,0.3733620100826,2020.53278411925,2020.53278688526,287600000,hCoV-19/Belgium/ULG-10261/2020|EPI_ISL_515068|2020-07-14|Europe,Liège,Liège,4910,4910
648,1793,1794,0.0492574442,647551.142219753,737329.680864774,647606.791551964,737401.13870579,0.4300433915056,0.3807859473056,2020.54020805647,2020.58946550067,287600000,NA,Liège,Liège,4030,4030
650,1794,1276,0.00889515507499999,647606.791551964,737401.13870579,646905.686548196,738147.537080762,0.4389385465806,0.4300433915056,2020.58946550067,2020.59836065575,287600000,hCoV-19/Belgium/ULG-10367/2020|EPI_ISL_540534|2020-08-07|Europe,Liège,Liège,4030,4030
651,1794,1277,0.00069843376369999,647606.791551964,737401.13870579,647617.056305645,737385.384611951,0.4307418252693,0.4300433915056,2020.58946550067,2020.59016393444,287600000,hCoV-19/Belgium/ULG-10368/2020|EPI_ISL_540535|2020-08-04|Europe,Liège,Liège,4030,4030
652,1795,1796,0.000780067597099976,647949.973060927,730653.922555758,647942.521644381,730678.852109662,0.3855972350987,0.3848171675016,2020.54423927667,2020.54501934427,287600000,NA,Liège,Liège,4420,4420
654,1796,1278,0.01235770492,647942.521644381,730678.852109662,647837.243356264,730787.656867998,0.3979549400187,0.3855972350987,2020.54501934427,2020.55737704919,287600000,hCoV-19/Belgium/ULG-10285/2020|EPI_ISL_540452|2020-07-23|Europe,Liège,Liège,4420,4420
655,1796,1797,0.03008630892,647942.521644381,730678.852109662,638330.472548022,703857.528702735,0.4156835440187,0.3855972350987,2020.54501934427,2020.57510565319,287600000,NA,Liège,Liège,4420,4217
656,1797,1798,0.000323691082699973,638330.472548022,703857.528702735,638333.983948992,703852.900101966,0.4160072351014,0.4156835440187,2020.57510565319,2020.57542934427,287600000,NA,Liège,Liège,4217,4217
657,1798,1799,0.01473,638333.983948992,703852.900101966,638344.237147339,703814.388505917,0.4307372351014,0.4160072351014,2020.57542934427,2020.59015934427,287600000,NA,Liège,Liège,4217,4217
659,1799,1280,4.59016397902356e-06,638344.237147339,703814.388505917,638343.467856528,703813.126307492,0.430741825265379,0.4307372351014,2020.59015934427,2020.59016393443,287600000,hCoV-19/Belgium/ULG-10340/2020|EPI_ISL_540507|2020-08-04|Europe,Liège,Liège,4217,4217
660,1801,1849,0.004311855807,647971.035285934,730619.662520484,647967.713368519,730615.894741445,0.3917890909056,0.3874772350986,2020.54689934427,2020.55121120007,287600000,NA,Liège,Liège,4420,4420
661,1801,1802,0.00189,647971.035285934,730619.662520484,647979.358656475,738444.312764696,0.3893672350986,0.3874772350986,2020.54689934427,2020.54878934427,287600000,NA,Liège,Liège,4420,4020
662,1805,1285,0.00061311017479998,645728.035444502,723382.951801962,648456.056895466,730980.864004091,0.4170806230734,0.4164675128986,2020.57588962207,2020.57650273224,287600000,hCoV-19/Belgium/ULG-10330/2020|EPI_ISL_540497|2020-07-30|Europe,Liège,Liège,4460,4420
663,1805,1284,0.00061311017479998,645728.035444502,723382.951801962,645735.833008045,723383.608249288,0.4170806230734,0.4164675128986,2020.57588962207,2020.57650273224,287600000,hCoV-19/Belgium/ULG-10331/2020|EPI_ISL_540498|2020-07-30|Europe,Liège,Liège,4460,4460
666,1816,1817,0.02514,650260.790253631,739792.710192741,650225.740992703,739756.215526043,0.4288572350986,0.4037172350986,2020.56313934427,2020.58827934427,287600000,NA,Liège,Liège,4020,4020
669,1817,1297,0.001884590164,650225.740992703,739756.215526043,650217.85767815,739739.732426551,0.4307418252626,0.4288572350986,2020.58827934427,2020.59016393443,287600000,hCoV-19/Belgium/ULG-10369/2020|EPI_ISL_540536|2020-08-04|Europe,Liège,Liège,4020,4020
671,1818,1299,0.000507288331299982,647592.899080353,740797.189859532,648136.840026019,739398.475780882,0.4471352678899,0.4466279795586,2020.60605008873,2020.60655737706,287600000,hCoV-19/Belgium/ULG-10395/2020|EPI_ISL_540562|2020-08-10|Europe,Liège,Liège,4020,4020
673,1819,1821,0.00186999999999998,650275.043766702,739862.222356568,650274.9679864,739863.577548046,0.4158572350986,0.4139872350986,2020.57340934427,2020.57527934427,287600000,NA,Liège,Liège,4020,4020
677,1822,1823,0.000873443231899973,646939.489742733,737330.436796971,646941.56861797,737321.985554968,0.4196772350985,0.4188037918666,2020.57822590103,2020.57909934427,287600000,NA,Liège,Liège,4030,4030
678,1822,1824,0.000463443231900007,646939.489742733,737330.436796971,646963.416161352,737356.091718994,0.4192672350985,0.4188037918666,2020.57822590103,2020.57868934427,287600000,NA,Liège,Liège,4030,4030
680,1823,1303,0.04658371585,646941.56861797,737321.985554968,646936.274386009,737293.461233156,0.4662609509485,0.4196772350985,2020.57909934427,2020.62568306012,287600000,hCoV-19/Belgium/ULG-10431/2020|EPI_ISL_581609|2020-08-17|Europe,Liège,Liège,4030,4030
681,1824,1304,0.2956275956,646963.416161352,737356.091718994,643683.809836372,733742.69652071,0.7148948306985,0.4192672350985,2020.57868934427,2020.87431693987,287600000,hCoV-19/Belgium/ULG-10785/2020|EPI_ISL_661221|2020-11-16|Europe,Liège,Liège,4030,4102
682,1824,1305,0.03879699454,646963.416161352,737356.091718994,651075.895214083,739080.260543547,0.4580642296385,0.4192672350985,2020.57868934427,2020.61748633881,287600000,hCoV-19/Belgium/ULG-10417/2020|EPI_ISL_581599|2020-08-14|Europe,Liège,Liège,4030,4040
683,1827,1828,0.00018261571549999,640007.279863815,736846.835306776,640009.464684739,736853.832019232,0.4195172350991,0.4193346193836,2020.57875672855,2020.57893934427,287600000,NA,Liège,Liège,4130,4130
684,1827,1308,0.07698097637,640007.279863815,736846.835306776,637318.980501753,733151.534329435,0.4963155957536,0.4193346193836,2020.57875672855,2020.65573770492,287600000,hCoV-19/Belgium/ULG-10458/2020|EPI_ISL_581631|2020-08-28|Europe,Liège,Liège,4130,4122
685,1828,1830,0.01122,640009.464684739,736853.832019232,642936.946894158,734838.555875969,0.4307372350991,0.4195172350991,2020.57893934427,2020.59015934427,287600000,NA,Liège,Liège,4130,4031
686,1828,1829,0.01122,640009.464684739,736853.832019232,642936.946894158,734838.555875969,0.4307372350991,0.4195172350991,2020.57893934427,2020.59015934427,287600000,NA,Liège,Liège,4130,4031
688,1829,1310,0.02732699454,642936.946894158,734838.555875969,652413.373265437,737101.899412624,0.4580642296391,0.4307372350991,2020.59015934427,2020.61748633881,287600000,hCoV-19/Belgium/ULG-10415/2020|EPI_ISL_581597|2020-08-14|Europe,Liège,Liège,4031,4040
689,1830,1312,4.59016397902356e-06,642936.946894158,734838.555875969,640175.622341046,736883.735405622,0.430741825263079,0.4307372350991,2020.59015934427,2020.59016393443,287600000,hCoV-19/Belgium/ULG-10354/2020|EPI_ISL_540521|2020-08-04|Europe,Liège,Liège,4031,4130
690,1830,1311,4.59016397902356e-06,642936.946894158,734838.555875969,646618.360752043,724570.597679778,0.430741825263079,0.4307372350991,2020.59015934427,2020.59016393443,287600000,hCoV-19/Belgium/ULG-10353/2020|EPI_ISL_540520|2020-08-04|Europe,Liège,Liège,4031,4460
692,1833,1839,0.00606000000000001,647624.058002499,740540.169277425,647634.023978611,740541.040111191,0.4164572350986,0.4103972350986,2020.56981934427,2020.57587934427,287600000,NA,Liège,Liège,4020,4020
693,1833,1834,0.00205,647624.058002499,740540.169277425,647604.532591219,740499.545712104,0.4124472350986,0.4103972350986,2020.56981934427,2020.57186934427,287600000,NA,Liège,Liège,4020,4020
697,1841,1842,0.0015,647255.84905926,739631.183732312,647258.174451517,739601.617107481,0.4354572350986,0.4339572350986,2020.59337934427,2020.59487934427,287600000,NA,Liège,Liège,4020,4030
698,1841,1843,0.00193258179700001,647255.84905926,739631.183732312,647883.825993627,737632.841965022,0.4358898168956,0.4339572350986,2020.59337934427,2020.59531192606,287600000,NA,Liège,Liège,4020,4020
699,1842,1322,0.000749071038199989,647258.174451517,739601.617107481,647587.650807962,739707.623171156,0.4362063061368,0.4354572350986,2020.59487934427,2020.5956284153,287600000,hCoV-19/Belgium/ULG-10356/2020|EPI_ISL_540523|2020-08-06|Europe,Liège,Liège,4030,4020
700,1842,1323,0.00348131147500003,647258.174451517,739601.617107481,648536.008821303,736695.543348775,0.4389385465736,0.4354572350986,2020.59487934427,2020.59836065574,287600000,hCoV-19/Belgium/ULG-10384/2020|EPI_ISL_540551|2020-08-07|Europe,Liège,Liège,4030,4020
702,1843,1325,0.01124545099,647883.825993627,737632.841965022,651562.293552007,737716.867950899,0.4471352678856,0.4358898168956,2020.59531192606,2020.60655737705,287600000,hCoV-19/Belgium/ULG-10398/2020|EPI_ISL_540565|2020-08-10|Europe,Liège,Liège,4020,4040
704,1849,1855,0.000436303824799977,647967.713368519,730615.894741445,647972.338485533,730630.492237967,0.3922253947304,0.3917890909056,2020.55121120007,2020.5516475039,287600000,NA,Liège,Liège,4420,4420
707,1852,1334,0.000200289147699984,637975.316146547,720412.616742497,637936.648677528,720415.739332728,0.4088839017662,0.4086836126185,2020.56810572179,2020.56830601093,287600000,hCoV-19/Belgium/ULG-10317/2020|EPI_ISL_540484|2020-07-27|Europe,Liège,Liège,4480,4480
708,1853,1854,0.1343327572,637946.476133288,720405.321503267,644641.065801326,737822.01373596,0.5528499922995,0.4185172350995,2020.57793934427,2020.71227210147,287600000,NA,Liège,Liège,4480,4032
710,1854,1337,0.09647106791,644641.065801326,737822.01373596,646021.805871924,739444.605750818,0.6493210602095,0.5528499922995,2020.71227210147,2020.80874316938,287600000,hCoV-19/Belgium/ULG-10533/2020|EPI_ISL_626325|2020-10-23|Europe,Liège,Liège,4032,4032
711,1854,1336,0.000842652606099947,644641.065801326,737822.01373596,644654.019405803,737831.888152064,0.5536926449056,0.5528499922995,2020.71227210147,2020.71311475407,287600000,hCoV-19/Belgium/ULG-10763/2020|EPI_ISL_641605|2020-09-18|Europe,Liège,Liège,4032,4032
712,1855,1338,0.01665850703,647972.338485533,730630.492237967,647496.464911198,742056.590234152,0.4088839017604,0.3922253947304,2020.5516475039,2020.56830601093,287600000,hCoV-19/Belgium/ULG-10311/2020|EPI_ISL_540478|2020-07-27|Europe,Liège,Liège,4420,4610
713,1855,1856,0.000251840368000023,647972.338485533,730630.492237967,647912.769678678,730672.800775856,0.3924772350984,0.3922253947304,2020.5516475039,2020.55189934427,287600000,NA,Liège,Liège,4420,4420
715,1862,1863,0.000240000000000018,647979.358656475,738444.312764696,647898.907905791,737671.356755459,0.4199872350984,0.4197472350984,2020.57916934427,2020.57940934427,287600000,NA,Liège,Liège,4020,4020
716,1865,1866,0.01621532636,643553.877677309,734333.034895864,644135.89989974,732880.473824566,0.4492625614584,0.4330472350984,2020.59246934427,2020.60868467063,287600000,NA,Liège,Liège,4102,4102
717,1865,1348,0.2818475956,643553.877677309,734333.034895864,631939.240524811,740753.311865282,0.7148948306984,0.4330472350984,2020.59246934427,2020.87431693987,287600000,hCoV-19/Belgium/ULG-10794/2020|EPI_ISL_661228|2020-11-16|Europe,Liège,Liège,4102,4140
718,1866,1872,0.000147015511899995,644135.89989974,732880.473824566,644141.637949939,732893.850551869,0.4494095769703,0.4492625614584,2020.60868467063,2020.60883168614,287600000,NA,Liège,Liège,4102,4102
719,1866,1867,0.00045467363770002,644135.89989974,732880.473824566,644107.025926449,732959.994253836,0.4497172350961,0.4492625614584,2020.60868467063,2020.60913934426,287600000,NA,Liège,Liège,4102,4102
720,1867,1869,0.19105,644107.025926449,732959.994253836,644104.824918013,733158.268794865,0.6407672350961,0.4497172350961,2020.60913934426,2020.80018934426,287600000,NA,Liège,Liège,4102,4102
721,1867,1868,0.04648111127,644107.025926449,732959.994253836,649180.920563767,695353.510159207,0.4961983463661,0.4497172350961,2020.60913934426,2020.65562045553,287600000,NA,Liège,Liège,4102,4280
722,1868,1349,0.000117249389499974,649180.920563767,695353.510159207,649180.027881509,695358.35468101,0.4963155957556,0.4961983463661,2020.65562045553,2020.65573770492,287600000,hCoV-19/Belgium/ULG-10455/2020|EPI_ISL_581629|2020-08-28|Europe,Liège,Liège,4280,4280
725,1869,1870,0.00514999999999999,644104.824918013,733158.268794865,644114.059189187,733164.548695605,0.6459172350961,0.6407672350961,2020.80018934426,2020.80533934426,287600000,NA,Liège,Liège,4102,4102
726,1870,1352,0.00340382513699999,644114.059189187,733164.548695605,644161.080596149,733181.749449803,0.6493210602331,0.6459172350961,2020.80533934426,2020.8087431694,287600000,hCoV-19/Belgium/ULG-10569/2020|EPI_ISL_626280|2020-10-23|Europe,Liège,Liège,4102,4102
727,1870,1871,0.00139,644114.059189187,733164.548695605,644078.189735988,733044.113313162,0.6473072350961,0.6459172350961,2020.80533934426,2020.80672934426,287600000,NA,Liège,Liège,4102,4102
728,1871,1354,0.07031983607,644078.189735988,733044.113313162,655179.746926746,739414.325669483,0.7176270711661,0.6473072350961,2020.80672934426,2020.87704918033,287600000,hCoV-19/Belgium/ULG-10806/2020|EPI_ISL_661233|2020-11-17|Europe,Liège,Liège,4102,4683
729,1871,1353,0.01021054645,644078.189735988,733044.113313162,642976.103408968,725048.327990787,0.6575177815461,0.6473072350961,2020.80672934426,2020.81693989071,287600000,hCoV-19/Belgium/ULG-10659/2020|EPI_ISL_636636|2020-10-26|Europe,Liège,Liège,4102,4400
730,1872,1873,0.02225765813,644141.637949939,732893.850551869,644343.897791124,733077.361389664,0.4716672351003,0.4494095769703,2020.60883168614,2020.63108934427,287600000,NA,Liège,Liège,4102,4102
731,1872,1998,0.000307658125800025,644141.637949939,732893.850551869,644141.062248942,732883.542252029,0.4497172350961,0.4494095769703,2020.60883168614,2020.60913934426,287600000,NA,Liège,Liège,4102,4102
732,1873,1355,0.04377404372,644343.897791124,733077.361389664,632588.985098579,704835.597316132,0.5154412788203,0.4716672351003,2020.63108934427,2020.67486338799,287600000,hCoV-19/Belgium/ULG-10609/2020|EPI_ISL_626246|2020-09-04|Europe,Liège,Liège,4102,4500
733,1873,1874,0.00139,644343.897791124,733077.361389664,644078.189735988,733044.113313162,0.4730572351003,0.4716672351003,2020.63108934427,2020.63247934427,287600000,NA,Liège,Liège,4102,4102
734,1874,1885,0.03691847243,644078.189735988,733044.113313162,644296.34635587,733208.473577508,0.5099757075303,0.4730572351003,2020.63247934427,2020.6693978167,287600000,NA,Liège,Liège,4102,4102
735,1874,1875,0.00365808519999999,644078.189735988,733044.113313162,644346.346079194,733077.668349341,0.4767153203003,0.4730572351003,2020.63247934427,2020.63613742947,287600000,NA,Liège,Liège,4102,4102
736,1875,1876,0.0233119148,644346.346079194,733077.668349341,647553.394967726,704148.563738874,0.5000272351003,0.4767153203003,2020.63613742947,2020.65944934427,287600000,NA,Liège,Liège,4102,4260
737,1875,1356,0.0004745923958,644346.346079194,733077.668349341,650971.806130505,745961.415146144,0.4771899126961,0.4767153203003,2020.63613742947,2020.63661202186,287600000,hCoV-19/Belgium/ULG-10407/2020|EPI_ISL_540574|2020-08-21|Europe,Liège,Liège,4102,4632
738,1876,1877,0.1430123696,647553.394967726,704148.563738874,649892.414665856,701472.867451412,0.6430396047003,0.5000272351003,2020.65944934427,2020.80246171387,287600000,NA,Liège,Liège,4260,4280
739,1877,1878,0.00267665485799995,649892.414665856,701472.867451412,647119.215002791,739938.465659113,0.6457162595583,0.6430396047003,2020.80246171387,2020.80513836873,287600000,NA,Liège,Liège,4280,4030
740,1877,1880,0.000657630380500041,649892.414665856,701472.867451412,649886.000765429,701497.586540651,0.6436972350808,0.6430396047003,2020.80246171387,2020.80311934425,287600000,NA,Liège,Liège,4280,4280
741,1878,1357,0.00360480065900004,647119.215002791,739938.465659113,647115.064764228,739919.792198806,0.6493210602173,0.6457162595583,2020.80513836873,2020.80874316939,287600000,hCoV-19/Belgium/ULG-10540/2020|EPI_ISL_626286|2020-10-23|Europe,Liège,Liège,4030,4030
742,1880,1360,0.06300087432,649886.000765429,701497.586540651,649665.209083468,701614.722097229,0.7066981094008,0.6436972350808,2020.80311934425,2020.86612021857,287600000,hCoV-19/Belgium/ULG-10833/2020|EPI_ISL_661250|2020-11-13|Europe,Liège,Liège,4280,4280
743,1880,1361,0.06300087432,649886.000765429,701497.586540651,648723.861276249,700459.431018451,0.7066981094008,0.6436972350808,2020.80311934425,2020.86612021857,287600000,hCoV-19/Belgium/ULG-10825/2020|EPI_ISL_661246|2020-11-13|Europe,Liège,Liège,4280,4280
744,1884,1365,0.02735686469,646316.601668437,739352.879776863,622780.743628145,727964.749738206,0.5454959236243,0.5181390589343,2020.6775611681,2020.70491803279,287600000,hCoV-19/Belgium/ULG-10728/2020|EPI_ISL_641570|2020-09-15|Europe,Liège,Liège,4032,4590
745,1884,1366,3.44603169699642e-05,646316.601668437,739352.879776863,646322.900647034,739357.434554871,0.51817351925127,0.5181390589343,2020.6775611681,2020.67759562842,287600000,hCoV-19/Belgium/ULG-10619/2020|EPI_ISL_626252|2020-09-05|Europe,Liège,Liège,4032,4032
746,1885,1886,0.01810078457,644296.34635587,733208.473577508,644278.174382106,733211.916692687,0.5280764921003,0.5099757075303,2020.6693978167,2020.68749860127,287600000,NA,Liège,Liège,4102,4102
747,1885,1959,0.000221527571899971,644296.34635587,733208.473577508,644296.589415508,733209.192045001,0.5101972351022,0.5099757075303,2020.6693978167,2020.66961934427,287600000,NA,Liège,Liège,4102,4102
748,1886,1887,0.00030594190300004,644278.174382106,733211.916692687,644281.095191722,733208.241544536,0.5283824340033,0.5280764921003,2020.68749860127,2020.68780454317,287600000,NA,Liège,Liège,4102,4102
749,1886,1907,7.11356545799458e-05,644278.174382106,733211.916692687,644282.566269972,733212.142557879,0.52814762775488,0.5280764921003,2020.68749860127,2020.68756973692,287600000,NA,Liège,Liège,4102,4102
750,1887,1888,0.000614801099000029,644281.095191722,733208.241544536,644275.094593071,733255.656865385,0.5289972351023,0.5283824340033,2020.68780454317,2020.68841934427,287600000,NA,Liège,Liège,4102,4102
751,1887,1894,0.000614801099000029,644281.095191722,733208.241544536,644275.094593071,733255.656865385,0.5289972351023,0.5283824340033,2020.68780454317,2020.68841934427,287600000,NA,Liège,Liège,4102,4102
752,1888,1367,0.1858975956,644275.094593071,733255.656865385,638358.825617657,747089.781869254,0.7148948307023,0.5289972351023,2020.68841934427,2020.87431693987,287600000,hCoV-19/Belgium/ULG-10791/2020|EPI_ISL_661226|2020-11-16|Europe,Liège,Liège,4102,4141
756,1891,1892,0.01652298226,644057.264214731,737819.526206885,642372.418504819,745508.558097503,0.5995972351023,0.5830742528423,2020.74249636201,2020.75901934427,287600000,NA,Liège,Liège,4053,4877
757,1892,1371,0.04972382514,642372.418504819,745508.558097503,642371.572794998,745515.406791732,0.6493210602423,0.5995972351023,2020.75901934427,2020.80874316941,287600000,hCoV-19/Belgium/ULG-10577/2020|EPI_ISL_626333|2020-10-23|Europe,Liège,Liège,4877,4877
758,1892,1370,0.05792054645,642372.418504819,745508.558097503,643286.16669887,760481.744420087,0.6575177815523,0.5995972351023,2020.75901934427,2020.81693989072,287600000,hCoV-19/Belgium/ULG-10711/2020|EPI_ISL_636682|2020-10-26|Europe,Liège,Liège,4877,4830
760,1893,1373,0.07136830601,644054.289007945,737827.662337183,644044.531627323,737822.53450994,0.6547855411149,0.5834172351049,2020.74283934427,2020.81420765028,287600000,hCoV-19/Belgium/ULG-10637/2020|EPI_ISL_636615|2020-10-25|Europe,Liège,Liège,4053,4053
761,1894,1895,0.04475548578,644275.094593071,733255.656865385,638178.158593837,730127.350723256,0.5737527208823,0.5289972351023,2020.68841934427,2020.73317483005,287600000,NA,Liège,Liège,4102,4100
762,1894,1900,0.07063537573,644275.094593071,733255.656865385,645548.591441499,723225.974256367,0.5996326108323,0.5289972351023,2020.68841934427,2020.75905472,287600000,NA,Liège,Liège,4102,4400
763,1895,1899,0.000574514216299948,638178.158593837,730127.350723256,638186.402512785,730134.687720291,0.5743272350986,0.5737527208823,2020.73317483005,2020.73374934427,287600000,NA,Liège,Liège,4100,4100
764,1895,1896,0.0449089678,638178.158593837,730127.350723256,635199.335723261,707601.644140378,0.6186616886823,0.5737527208823,2020.73317483005,2020.77808379785,287600000,NA,Liège,Liège,4100,4520
767,1897,1374,0.02387174863,635385.632401918,707584.314039551,638480.524248904,707034.221900588,0.6711789837223,0.6473072350923,2020.80672934426,2020.83060109289,287600000,hCoV-19/Belgium/ULG-10778/2020|EPI_ISL_644624|2020-10-31|Europe,Liège,Liège,4520,4520
768,1897,1375,0.01021054645,635385.632401918,707584.314039551,635390.22776141,706107.774551313,0.6575177815423,0.6473072350923,2020.80672934426,2020.81693989071,287600000,hCoV-19/Belgium/ULG-10671/2020|EPI_ISL_636646|2020-10-26|Europe,Liège,Liège,4520,4218
769,1898,1377,0.08764087432,635195.123732775,707602.193374536,635143.07589287,707511.587183871,0.7066981094162,0.6190572350962,2020.77847934426,2020.86612021858,287600000,hCoV-19/Belgium/ULG-10824/2020|EPI_ISL_661217|2020-11-13|Europe,Liège,Liège,4520,4520
770,1898,1376,0.03846054645,635195.123732775,707602.193374536,632921.958493936,720819.347707698,0.6575177815462,0.6190572350962,2020.77847934426,2020.81693989071,287600000,hCoV-19/Belgium/ULG-10710/2020|EPI_ISL_636681|2020-10-26|Europe,Liège,Liège,4520,4550
771,1899,1378,0.08319054645,638186.402512785,730134.687720291,638792.901309034,730092.845754483,0.6575177815486,0.5743272350986,2020.73374934427,2020.81693989072,287600000,hCoV-19/Belgium/ULG-10648/2020|EPI_ISL_636626|2020-10-26|Europe,Liège,Liège,4100,4100
772,1899,1379,0.08319054645,638186.402512785,730134.687720291,649276.242694625,743261.176264225,0.6575177815486,0.5743272350986,2020.73374934427,2020.81693989072,287600000,hCoV-19/Belgium/ULG-10633/2020|EPI_ISL_636612|2020-10-26|Europe,Liège,Liège,4100,4671
773,1900,1902,0.000314624266700037,645548.591441499,723225.974256367,645562.567558473,723261.860103564,0.599947235099,0.5996326108323,2020.75905472,2020.75936934427,287600000,NA,Liège,Liège,4400,4400
775,1901,1380,0.07123174863,645562.567558473,723261.860103564,634266.699891488,702869.990022214,0.671178983729,0.599947235099,2020.75936934427,2020.8306010929,287600000,hCoV-19/Belgium/ULG-10770/2020|EPI_ISL_644616|2020-10-31|Europe,Liège,Liège,4400,4218
780,1903,1904,0.000467085562099956,646185.106140531,722986.563734338,636697.601570158,729791.522207396,0.6461519005911,0.645684815029,2020.8051069242,2020.80557400976,287600000,NA,Liège,Liège,4460,4120
781,1904,1384,0.06874293014,636697.601570158,729791.522207396,619820.331106984,742883.763808365,0.7148948307311,0.6461519005911,2020.80557400976,2020.8743169399,287600000,hCoV-19/Belgium/ULG-10787/2020|EPI_ISL_661222|2020-11-16|Europe,Liège,Liège,4120,4190
782,1904,1905,0.000456475691700042,636697.601570158,729791.522207396,636665.016640935,729752.064335296,0.6466083762828,0.6461519005911,2020.80557400976,2020.80603048545,287600000,NA,Liège,Liège,4120,4120
783,1905,1385,0.0109094052699999,636665.016640935,729752.064335296,636656.229506998,729692.783122995,0.6575177815528,0.6466083762828,2020.80603048545,2020.81693989072,287600000,hCoV-19/Belgium/ULG-10689/2020|EPI_ISL_636661|2020-10-26|Europe,Liège,Liège,4120,4120
785,1906,1386,0.01074054645,636701.967206286,729783.004258217,634189.498701102,705023.197922162,0.6575177815507,0.6467772351007,2020.80619934427,2020.81693989072,287600000,hCoV-19/Belgium/ULG-10700/2020|EPI_ISL_636672|2020-10-26|Europe,Liège,Liège,4120,4520
788,1907,1908,0.000849607347400028,644282.566269972,733212.142557879,644290.631994423,733212.60546048,0.52899723510228,0.52814762775488,2020.68756973692,2020.68841934427,287600000,NA,Liège,Liège,4102,4102
789,1908,1909,0.01860549549,644290.631994423,733212.60546048,644738.455762089,733204.962692984,0.54760273059228,0.52899723510228,2020.68841934427,2020.70702483976,287600000,NA,Liège,Liège,4102,4102
791,1909,1910,0.00830352919400001,644738.455762089,733204.962692984,648249.395562122,741382.251457655,0.55590625978628,0.54760273059228,2020.70702483976,2020.71532836895,287600000,NA,Liège,Liège,4102,4610
792,1909,1914,1.45045101499486e-05,644738.455762089,733204.962692984,644736.054835951,733210.618423119,0.54761723510243,0.54760273059228,2020.70702483976,2020.70703934427,287600000,NA,Liège,Liège,4102,4102
793,1910,1388,0.000518625588900035,648249.395562122,741382.251457655,652682.935578884,738318.41628676,0.55642488537518,0.55590625978628,2020.71532836895,2020.71584699454,287600000,hCoV-19/Belgium/ULG-10745/2020|EPI_ISL_641587|2020-09-19|Europe,Liège,Liège,4610,4040
794,1910,1911,0.00647097531600005,648249.395562122,741382.251457655,648286.994393593,741414.858124402,0.56237723510228,0.55590625978628,2020.71532836895,2020.72179934427,287600000,NA,Liège,Liège,4610,4610
796,1911,1913,0.03722,648286.994393593,741414.858124402,648280.24693145,741372.122339033,0.59959723510228,0.56237723510228,2020.72179934427,2020.75901934427,287600000,NA,Liège,Liège,4610,4610
798,1912,1389,0.000494371584800035,632925.763218634,708631.446311882,632924.821441837,708632.862767403,0.56462160668708,0.56412723510228,2020.72354934427,2020.72404371586,287600000,hCoV-19/Belgium/ULG-10472/2020|EPI_ISL_581578|2020-09-22|Europe,Liège,Liège,4500,4500
799,1913,1392,0.04972382514,648280.24693145,741372.122339033,639194.999174319,726391.948075732,0.64932106024228,0.59959723510228,2020.75901934427,2020.80874316941,287600000,hCoV-19/Belgium/ULG-10593/2020|EPI_ISL_626270|2020-10-23|Europe,Liège,Liège,4610,4121
800,1913,1391,0.04972382514,648280.24693145,741372.122339033,648283.920283594,741445.692003608,0.64932106024228,0.59959723510228,2020.75901934427,2020.80874316941,287600000,hCoV-19/Belgium/ULG-10598/2020|EPI_ISL_626296|2020-10-23|Europe,Liège,Liège,4610,4610
801,1914,1915,0.01966202256,644736.054835951,733210.618423119,640318.114128524,717571.005195878,0.56727925766243,0.54761723510243,2020.70703934427,2020.72670136683,287600000,NA,Liège,Liège,4102,4540
802,1914,1393,0.1099005464,644736.054835951,733210.618423119,644704.560984135,732628.147839684,0.65751778150243,0.54761723510243,2020.70703934427,2020.81693989067,287600000,hCoV-19/Belgium/ULG-10691/2020|EPI_ISL_636663|2020-10-26|Europe,Liège,Liège,4102,4102
803,1915,1394,7.45894573800365e-05,640318.114128524,717571.005195878,639074.810001633,718207.678712639,0.56735384711981,0.56727925766243,2020.72670136683,2020.72677595629,287600000,hCoV-19/Belgium/ULG-10491/2020|EPI_ISL_581582|2020-09-23|Europe,Liège,Liège,4540,4540
805,1916,1917,0.00327,644287.99149285,733207.383842831,644223.653203959,733209.545005183,0.53454723510228,0.53127723510228,2020.69069934427,2020.69396934427,287600000,NA,Liège,Liège,4102,4102
806,1916,1396,0.1262405464,644287.99149285,733207.383842831,652406.102805564,759900.891482833,0.65751778150228,0.53127723510228,2020.69069934427,2020.81693989067,287600000,hCoV-19/Belgium/ULG-10663/2020|EPI_ISL_636640|2020-10-26|Europe,Liège,Liège,4102,4841
807,1917,1918,0.00258999999999998,644223.653203959,733209.545005183,644253.754151086,733253.872075017,0.53713723510228,0.53454723510228,2020.69396934427,2020.69655934427,287600000,NA,Liège,Liège,4102,4102
808,1917,1397,0.1830798361,644223.653203959,733209.545005183,625761.72499279,732794.605668947,0.71762707120228,0.53454723510228,2020.69396934427,2020.87704918037,287600000,hCoV-19/Belgium/ULG-10814/2020|EPI_ISL_661239|2020-11-17|Europe,Liège,Liège,4102,4180
809,1918,1926,0.00255000000000005,644253.754151086,733253.872075017,644243.837840306,733251.261016719,0.53968723510228,0.53713723510228,2020.69655934427,2020.69910934427,287600000,NA,Liège,Liège,4102,4102
810,1918,1919,0.08722,644253.754151086,733253.872075017,644289.792568837,733360.870826003,0.62435723510228,0.53713723510228,2020.69655934427,2020.78377934427,287600000,NA,Liège,Liège,4102,4102
811,1919,1920,0.0208,644289.792568837,733360.870826003,644228.980616592,733467.435195976,0.64515723510228,0.62435723510228,2020.78377934427,2020.80457934427,287600000,NA,Liège,Liège,4102,4102
812,1920,1923,0.000680000000000014,644228.980616592,733467.435195976,651461.091844255,737365.470145381,0.64583723510228,0.64515723510228,2020.80457934427,2020.80525934427,287600000,NA,Liège,Liège,4102,4041
813,1920,1921,0.000689999999999968,644228.980616592,733467.435195976,637753.368491836,722830.3197133,0.64584723510228,0.64515723510228,2020.80457934427,2020.80526934427,287600000,NA,Liège,Liège,4102,4480
815,1922,1400,0.00340382513699999,637752.759054224,722841.677567649,637826.628011955,722818.552201655,0.64932106023928,0.64591723510228,2020.80533934427,2020.80874316941,287600000,hCoV-19/Belgium/ULG-10517/2020|EPI_ISL_626276|2020-10-23|Europe,Liège,Liège,4480,4480
818,1924,1925,9.99999999995449e-06,637752.759054224,722841.677567649,651464.663434073,737359.482123318,0.64591723510228,0.64590723510228,2020.80532934427,2020.80533934427,287600000,NA,Liège,Liège,4480,4041
819,1924,1403,0.00341382513699995,637752.759054224,722841.677567649,651467.254903894,737397.746907699,0.64932106023928,0.64590723510228,2020.80532934427,2020.80874316941,287600000,hCoV-19/Belgium/ULG-10508/2020|EPI_ISL_626259|2020-10-23|Europe,Liège,Liège,4480,4040
821,1925,1405,0.00340382513699999,651464.663434073,737359.482123318,633095.032950229,746412.142224544,0.64932106023928,0.64591723510228,2020.80533934427,2020.80874316941,287600000,hCoV-19/Belgium/ULG-10554/2020|EPI_ISL_626272|2020-10-23|Europe,Liège,Liège,4041,4920
822,1926,1928,0.00243000000000004,644243.837840306,733251.261016719,641845.191312662,731105.406609332,0.54211723510228,0.53968723510228,2020.69910934427,2020.70153934427,287600000,NA,Liège,Liège,4102,4100
824,1927,1406,0.07149983607,644026.80181219,729994.715922828,643964.555524272,729936.304370143,0.71762707117228,0.64612723510228,2020.80554934427,2020.87704918034,287600000,hCoV-19/Belgium/ULG-10813/2020|EPI_ISL_661238|2020-11-17|Europe,Liège,Liège,4100,4100
825,1927,1407,0.06876759563,644026.80181219,729994.715922828,656615.98833469,722349.498239065,0.71489483073228,0.64612723510228,2020.80554934427,2020.8743169399,287600000,hCoV-19/Belgium/ULG-10783/2020|EPI_ISL_661219|2020-11-16|Europe,Liège,Liège,4100,4367
826,1928,1408,0.1072038251,641845.191312662,731105.406609332,654328.770958879,743986.452045759,0.64932106020228,0.54211723510228,2020.70153934427,2020.80874316937,287600000,hCoV-19/Belgium/ULG-10558/2020|EPI_ISL_626283|2020-10-23|Europe,Liège,Liège,4100,4672
827,1928,1929,0.00229000000000001,641845.191312662,731105.406609332,647809.798314366,737165.09688968,0.54440723510228,0.54211723510228,2020.70153934427,2020.70382934427,287600000,NA,Liège,Liège,4100,4020
829,1929,1935,0.00239,647809.798314366,737165.09688968,641811.930594908,731026.639558892,0.54679723510228,0.54440723510228,2020.70382934427,2020.70621934427,287600000,NA,Liège,Liège,4020,4100
830,1930,1932,0.00062311725340003,641830.567903793,731044.255215666,640746.049172506,739823.948373732,0.54767535548268,0.54705223822928,2020.7064743474,2020.70709746465,287600000,NA,Liège,Liège,4100,4052
831,1930,1931,0.00027499687260002,641830.567903793,731044.255215666,641818.904317014,731053.429931883,0.54732723510188,0.54705223822928,2020.7064743474,2020.70674934427,287600000,NA,Liège,Liège,4100,4100
832,1931,1409,0.1101905464,641818.904317014,731053.429931883,641908.509728853,731122.328724719,0.65751778150188,0.54732723510188,2020.70674934427,2020.81693989067,287600000,hCoV-19/Belgium/ULG-10707/2020|EPI_ISL_636679|2020-10-26|Europe,Liège,Liège,4100,4100
833,1931,1410,0.1019938251,641818.904317014,731053.429931883,651106.9339072,736337.245416931,0.64932106020188,0.54732723510188,2020.70674934427,2020.80874316937,287600000,hCoV-19/Belgium/ULG-10514/2020|EPI_ISL_626282|2020-10-23|Europe,Liège,Liège,4100,4000
835,1932,1934,5.187961916997e-05,640746.049172506,739823.948373732,640728.947607855,739795.684893448,0.54772723510185,0.54767535548268,2020.70709746465,2020.70714934427,287600000,NA,Liège,Liège,4052,4052
836,1933,1411,0.03030382514,642700.499063725,739502.996033052,648832.618602846,743949.334253762,0.64932106024268,0.61901723510268,2020.77843934427,2020.80874316941,287600000,hCoV-19/Belgium/ULG-10564/2020|EPI_ISL_626309|2020-10-23|Europe,Liège,Liège,4050,4621
837,1933,1412,0.03030382514,642700.499063725,739502.996033052,642776.490802824,739403.851261454,0.64932106024268,0.61901723510268,2020.77843934427,2020.80874316941,287600000,hCoV-19/Belgium/ULG-10566/2020|EPI_ISL_626308|2020-10-23|Europe,Liège,Liège,4050,4051
838,1934,1413,0.1097905464,640728.947607855,739795.684893448,634226.961284136,711564.013823679,0.65751778150185,0.54772723510185,2020.70714934427,2020.81693989067,287600000,hCoV-19/Belgium/ULG-10658/2020|EPI_ISL_636635|2020-10-26|Europe,Liège,Liège,4052,4500
839,1934,1414,0.1015938251,640728.947607855,739795.684893448,640700.799365867,740050.858036408,0.64932106020185,0.54772723510185,2020.70714934427,2020.80874316937,287600000,hCoV-19/Belgium/ULG-10537/2020|EPI_ISL_626291|2020-10-23|Europe,Liège,Liège,4052,4052
841,1935,1939,0.00233000000000005,641811.930594908,731026.639558892,642354.654023895,725706.97753909,0.54912723510228,0.54679723510228,2020.70621934427,2020.70854934427,287600000,NA,Liège,Liège,4100,4400
842,1936,1937,0.000747873771099972,645574.368404604,741262.836037478,645573.025735136,741269.959969019,0.59952723510338,0.59877936133228,2020.7582014705,2020.75894934427,287600000,NA,Liège,Liège,4624,4624
843,1936,1938,0.000807873771100032,645574.368404604,741262.836037478,645570.384454715,741272.063417701,0.59958723510338,0.59877936133228,2020.7582014705,2020.75900934427,287600000,NA,Liège,Liège,4624,4624
844,1937,1416,0.05799054645,645573.025735136,741269.959969019,626773.656583968,714852.157947068,0.65751778155338,0.59952723510338,2020.75894934427,2020.81693989072,287600000,hCoV-19/Belgium/ULG-10665/2020|EPI_ISL_636641|2020-10-26|Europe,Liège,Liège,4624,4577
845,1937,1415,0.06072278689,645573.025735136,741269.959969019,645599.537525205,741258.181386831,0.66025002199338,0.59952723510338,2020.75894934427,2020.81967213116,287600000,hCoV-19/Belgium/ULG-10640/2020|EPI_ISL_636618|2020-10-27|Europe,Liège,Liège,4624,4624
849,1939,1940,7.00000000000145e-05,642354.654023895,725706.97753909,637752.759054224,722841.677567649,0.54919723510228,0.54912723510228,2020.70854934427,2020.70861934427,287600000,NA,Liège,Liège,4400,4480
850,1940,1941,0.0970300000000001,637752.759054224,722841.677567649,629018.454801447,725431.049368526,0.64622723510228,0.54919723510228,2020.70861934427,2020.80564934427,287600000,NA,Liège,Liège,4480,4590
851,1940,1419,0.1083205464,637752.759054224,722841.677567649,642637.247222143,725463.769790282,0.65751778150228,0.54919723510228,2020.70861934427,2020.81693989067,287600000,hCoV-19/Belgium/ULG-10696/2020|EPI_ISL_636668|2020-10-26|Europe,Liège,Liège,4480,4400
852,1941,1421,0.00309382513699996,629018.454801447,725431.049368526,628927.91607259,725369.00278679,0.64932106023928,0.64622723510228,2020.80564934427,2020.80874316941,287600000,hCoV-19/Belgium/ULG-10529/2020|EPI_ISL_626300|2020-10-23|Europe,Liège,Liège,4590,4590
853,1941,1420,0.02495174863,629018.454801447,725431.049368526,646470.890637994,740898.650907324,0.67117898373228,0.64622723510228,2020.80564934427,2020.8306010929,287600000,hCoV-19/Belgium/ULG-10767/2020|EPI_ISL_644613|2020-10-31|Europe,Liège,Liège,4590,4610
854,1942,1943,0.000938295549499979,641494.159714208,725904.079636575,641497.782508361,725868.143633868,0.55145723510278,0.55051893955328,2020.70994104872,2020.71087934427,287600000,NA,Liège,Liège,4400,4400
855,1942,1422,0.1206600442,641494.159714208,725904.079636575,636526.575891308,717017.417413606,0.67117898375328,0.55051893955328,2020.70994104872,2020.83060109292,287600000,hCoV-19/Belgium/ULG-10779/2020|EPI_ISL_644625|2020-10-31|Europe,Liège,Liège,4400,4540
856,1943,1944,0.00312999999999997,641497.782508361,725868.143633868,647383.129655582,734434.794954112,0.55458723510278,0.55145723510278,2020.71087934427,2020.71400934427,287600000,NA,Liège,Liège,4400,4000
857,1943,1423,0.00223540983600001,641497.782508361,725868.143633868,635599.175271236,724158.143009722,0.55369264493878,0.55145723510278,2020.71087934427,2020.71311475411,287600000,hCoV-19/Belgium/ULG-10731/2020|EPI_ISL_641573|2020-09-18|Europe,Liège,Liège,4400,4550
858,1944,1945,0.00396722941500005,647383.129655582,734434.794954112,647769.762382817,734969.998788522,0.55855446451778,0.55458723510278,2020.71400934427,2020.71797657369,287600000,NA,Liège,Liège,4000,4000
859,1944,1948,0.00780000000000003,647383.129655582,734434.794954112,647336.398653781,734450.530059092,0.56238723510278,0.55458723510278,2020.71400934427,2020.72180934427,287600000,NA,Liège,Liège,4000,4000
862,1946,1425,0.00284437158499995,647780.789040212,734994.560674342,647884.345124222,734892.992330132,0.56462160668778,0.56177723510278,2020.72119934427,2020.72404371586,287600000,hCoV-19/Belgium/ULG-10474/2020|EPI_ISL_581643|2020-09-22|Europe,Liège,Liège,4000,4000
863,1946,1947,0.0850299999999999,647780.789040212,734994.560674342,632584.025803282,746988.302740563,0.64680723510278,0.56177723510278,2020.72119934427,2020.80622934427,287600000,NA,Liège,Liège,4000,4920
864,1947,1427,0.06808759563,632584.025803282,746988.302740563,624105.022870635,744336.360317447,0.71489483073278,0.64680723510278,2020.80622934427,2020.8743169399,287600000,hCoV-19/Belgium/ULG-10781/2020|EPI_ISL_661218|2020-11-16|Europe,Liège,Liège,4920,4920
865,1947,1426,0.06808759563,632584.025803282,746988.302740563,632563.8145114,746988.782046119,0.71489483073278,0.64680723510278,2020.80622934427,2020.8743169399,287600000,hCoV-19/Belgium/ULG-10790/2020|EPI_ISL_661225|2020-11-16|Europe,Liège,Liège,4920,4920
866,1948,1949,0.00175000000000003,647336.398653781,734450.530059092,632925.763218634,708631.446311882,0.56413723510278,0.56238723510278,2020.72180934427,2020.72355934427,287600000,NA,Liège,Liège,4000,4500
867,1948,1950,0.00341000000000002,647336.398653781,734450.530059092,647316.546648527,734471.839584128,0.56579723510278,0.56238723510278,2020.72180934427,2020.72521934427,287600000,NA,Liège,Liège,4000,4000
868,1949,1429,0.00321661202199996,632925.763218634,708631.446311882,630364.675163505,735290.602152792,0.56735384712478,0.56413723510278,2020.72355934427,2020.72677595629,287600000,hCoV-19/Belgium/ULG-10476/2020|EPI_ISL_581645|2020-09-23|Europe,Liège,Liège,4500,4170
869,1949,1428,0.00048437158479997,632925.763218634,708631.446311882,648450.874727521,739291.177942285,0.56462160668758,0.56413723510278,2020.72355934427,2020.72404371586,287600000,hCoV-19/Belgium/ULG-10475/2020|EPI_ISL_581644|2020-09-22|Europe,Liège,Liège,4500,4020
870,1950,1430,0.00155661202199997,647316.546648527,734471.839584128,637815.134685799,727982.276679012,0.56735384712478,0.56579723510278,2020.72521934427,2020.72677595629,287600000,hCoV-19/Belgium/ULG-10497/2020|EPI_ISL_581659|2020-09-23|Europe,Liège,Liège,4000,4121
871,1950,1951,0.00624999999999998,647316.546648527,734471.839584128,647202.951761445,734443.555160022,0.57204723510278,0.56579723510278,2020.72521934427,2020.73146934427,287600000,NA,Liège,Liège,4000,4000
872,1951,1431,0.000771092896100001,647202.951761445,734443.555160022,656501.548645067,737997.403264796,0.57281832799888,0.57204723510278,2020.73146934427,2020.73224043717,287600000,hCoV-19/Belgium/ULG-10504/2020|EPI_ISL_581666|2020-09-25|Europe,Liège,Liège,4000,4680
873,1951,1952,0.06879,647202.951761445,734443.555160022,647266.642404764,734396.270320019,0.64083723510278,0.57204723510278,2020.73146934427,2020.80025934427,287600000,NA,Liège,Liège,4000,4000
874,1952,1432,0.03580622951,647266.642404764,734396.270320019,647310.87845878,734482.757185215,0.67664346461278,0.64083723510278,2020.80025934427,2020.83606557378,287600000,hCoV-19/Belgium/ULG-10769/2020|EPI_ISL_644615|2020-11-02|Europe,Liège,Liège,4000,4000
875,1952,1953,0.00209999999999999,647266.642404764,734396.270320019,646287.955843965,735940.427217241,0.64293723510278,0.64083723510278,2020.80025934427,2020.80235934427,287600000,NA,Liège,Liège,4000,4020
876,1953,1433,0.00638382513699998,646287.955843965,735940.427217241,645133.413520535,753594.997287943,0.64932106023978,0.64293723510278,2020.80235934427,2020.80874316941,287600000,hCoV-19/Belgium/ULG-10539/2020|EPI_ISL_626265|2020-10-23|Europe,Liège,Liège,4020,4800
877,1953,1954,0.00212999999999997,646287.955843965,735940.427217241,646249.1372454,735877.861847674,0.64506723510278,0.64293723510278,2020.80235934427,2020.80448934427,287600000,NA,Liège,Liège,4020,4031
879,1956,1957,0.00070879854689998,644280.92583118,733213.280136608,644298.484229756,733202.531714502,0.52899723510228,0.52828843655538,2020.68771054572,2020.68841934427,287600000,NA,Liège,Liège,4102,4102
880,1956,1958,0.00070879854689998,644280.92583118,733213.280136608,644298.484229756,733202.531714502,0.52899723510228,0.52828843655538,2020.68771054572,2020.68841934427,287600000,NA,Liège,Liège,4102,4102
881,1957,1438,0.1886298361,644298.484229756,733202.531714502,633437.819651099,710494.632186325,0.71762707120228,0.52899723510228,2020.68841934427,2020.87704918037,287600000,hCoV-19/Belgium/ULG-10812/2020|EPI_ISL_661237|2020-11-17|Europe,Liège,Liège,4102,4500
882,1957,1437,0.1203238251,644298.484229756,733202.531714502,645462.915416986,740332.644525773,0.64932106020228,0.52899723510228,2020.68841934427,2020.80874316937,287600000,hCoV-19/Belgium/ULG-10589/2020|EPI_ISL_626295|2020-10-23|Europe,Liège,Liège,4102,4610
883,1958,1439,0.03015989071,644298.484229756,733202.531714502,637062.648471253,718750.543465978,0.55915712581228,0.52899723510228,2020.68841934427,2020.71857923498,287600000,hCoV-19/Belgium/ULG-10759/2020|EPI_ISL_641601|2020-09-20|Europe,Liège,Liège,4102,4540
884,1958,1440,0.1886298361,644298.484229756,733202.531714502,644471.097416747,739087.137585266,0.71762707120228,0.52899723510228,2020.68841934427,2020.87704918037,287600000,hCoV-19/Belgium/ULG-10816/2020|EPI_ISL_661240|2020-11-17|Europe,Liège,Liège,4102,4032
885,1959,1960,0.02403,644296.589415508,733209.192045001,644322.69465407,733173.163760671,0.5342272351022,0.5101972351022,2020.66961934427,2020.69364934427,287600000,NA,Liège,Liège,4102,4102
886,1959,1965,0.02346584838,644296.589415508,733209.192045001,643193.37849943,736727.132955851,0.5336630834822,0.5101972351022,2020.66961934427,2020.69308519265,287600000,NA,Liège,Liège,4102,4053
887,1960,1961,0.0361900000000001,644322.69465407,733173.163760671,644462.336527321,732970.620724455,0.5704172351022,0.5342272351022,2020.69364934427,2020.72983934427,287600000,NA,Liège,Liège,4102,4102
888,1960,1441,0.1150938251,644322.69465407,733173.163760671,647099.481781359,738901.209880813,0.6493210602022,0.5342272351022,2020.69364934427,2020.80874316937,287600000,hCoV-19/Belgium/ULG-10587/2020|EPI_ISL_626302|2020-10-23|Europe,Liège,Liège,4102,4030
889,1961,1442,0.08710054645,644462.336527321,732970.620724455,640742.10387799,747536.174581378,0.6575177815522,0.5704172351022,2020.72983934427,2020.81693989072,287600000,hCoV-19/Belgium/ULG-10635/2020|EPI_ISL_636613|2020-10-26|Europe,Liège,Liège,4102,4870
891,1962,1963,0.02289,645687.084940845,729010.512716412,645653.519020882,729157.052067779,0.6472572351022,0.6243672351022,2020.78378934427,2020.80667934427,287600000,NA,Liège,Liège,4101,4101
892,1962,1443,0.02495382514,645687.084940845,729010.512716412,653102.048752367,714896.109873203,0.6493210602422,0.6243672351022,2020.78378934427,2020.80874316941,287600000,hCoV-19/Belgium/ULG-10527/2020|EPI_ISL_626321|2020-10-23|Europe,Liège,Liège,4101,4300
893,1963,1444,0.06763759563,645653.519020882,729157.052067779,644751.595461006,730838.808357392,0.7148948307322,0.6472572351022,2020.80667934427,2020.8743169399,287600000,hCoV-19/Belgium/ULG-10784/2020|EPI_ISL_661220|2020-11-16|Europe,Liège,Liège,4101,4100
896,1964,1446,0.0725920765,645657.673048429,729166.534383222,655280.604017645,747762.826530495,0.7203593116022,0.6477672351022,2020.80718934427,2020.87978142077,287600000,hCoV-19/Belgium/ULG-10819/2020|EPI_ISL_661242|2020-11-18|Europe,Liège,Liège,4101,4606
897,1965,1966,0.000904151622600047,643193.37849943,736727.132955851,643094.652626906,736839.046963507,0.5345672351048,0.5336630834822,2020.69308519265,2020.69398934427,287600000,NA,Liège,Liège,4053,4053
901,1967,1970,0.00573000000000001,643094.652626906,736839.046963507,643225.749942799,736706.081858952,0.5402972351048,0.5345672351048,2020.69398934427,2020.69971934427,287600000,NA,Liège,Liège,4053,4053
902,1968,1969,0.000310673300999986,643217.052074702,736701.840865549,643214.542996179,736697.628523065,0.5537072351058,0.5533965618048,2020.71281867097,2020.71312934427,287600000,NA,Liège,Liège,4053,4053
903,1968,1449,0.000296083137000025,643217.052074702,736701.840865549,650081.635239661,739819.672776408,0.5536926449418,0.5533965618048,2020.71281867097,2020.71311475411,287600000,hCoV-19/Belgium/ULG-10739/2020|EPI_ISL_641581|2020-09-18|Europe,Liège,Liège,4053,4020
904,1969,1451,0.1639198361,643214.542996179,736697.628523065,645428.80958107,740103.702999541,0.7176270712058,0.5537072351058,2020.71312934427,2020.87704918037,287600000,hCoV-19/Belgium/ULG-10801/2020|EPI_ISL_661231|2020-11-17|Europe,Liège,Liège,4053,4051
905,1969,1450,0.1038105464,643214.542996179,736697.628523065,633643.88181472,727138.470262287,0.6575177815058,0.5537072351058,2020.71312934427,2020.81693989067,287600000,hCoV-19/Belgium/ULG-10699/2020|EPI_ISL_636671|2020-10-26|Europe,Liège,Liège,4053,4550
906,1970,1452,0.00246644808800001,643225.749942799,736706.081858952,631150.526272482,720138.712834971,0.5427636831928,0.5402972351048,2020.69971934427,2020.70218579236,287600000,hCoV-19/Belgium/ULG-10720/2020|EPI_ISL_641562|2020-09-14|Europe,Liège,Liège,4053,4557
907,1970,1971,0.00217000000000001,643225.749942799,736706.081858952,643234.671484518,736707.288565462,0.5424672351048,0.5402972351048,2020.69971934427,2020.70188934427,287600000,NA,Liège,Liège,4053,4053
908,1971,1972,0.00238000000000005,643234.671484518,736707.288565462,634254.872411508,735589.443962094,0.5448472351048,0.5424672351048,2020.70188934427,2020.70426934427,287600000,NA,Liège,Liège,4053,4130
909,1971,1453,0.000296448087499956,643234.671484518,736707.288565462,643244.009401318,736693.566408168,0.5427636831923,0.5424672351048,2020.70188934427,2020.70218579236,287600000,hCoV-19/Belgium/ULG-10719/2020|EPI_ISL_641561|2020-09-14|Europe,Liège,Liège,4053,4053
910,1972,1974,0.00241999999999998,634254.872411508,735589.443962094,634257.520921265,735608.869096194,0.5472672351048,0.5448472351048,2020.70426934427,2020.70668934427,287600000,NA,Liège,Liège,4130,4130
911,1972,1973,0.10109,634254.872411508,735589.443962094,636693.469028029,735720.777649458,0.6459372351048,0.5448472351048,2020.70426934427,2020.80535934427,287600000,NA,Liège,Liège,4130,4130
912,1973,1455,0.00338382513699997,636693.469028029,735720.777649458,629333.931916456,721999.506957197,0.6493210602418,0.6459372351048,2020.80535934427,2020.80874316941,287600000,hCoV-19/Belgium/ULG-10549/2020|EPI_ISL_626278|2020-10-23|Europe,Liège,Liège,4130,4557
913,1973,1454,0.00338382513699997,636693.469028029,735720.777649458,636697.883657663,735728.655405151,0.6493210602418,0.6459372351048,2020.80535934427,2020.80874316941,287600000,hCoV-19/Belgium/ULG-10510/2020|EPI_ISL_626271|2020-10-23|Europe,Liège,Liège,4130,4130
914,1974,1975,0.03367505671,634257.520921265,735608.869096194,634309.368711284,735569.998296896,0.5809422918148,0.5472672351048,2020.70668934427,2020.74036440098,287600000,NA,Liège,Liège,4130,4130
915,1974,1981,0.001479543079,634257.520921265,735608.869096194,640160.028902508,747613.952466783,0.5487467781838,0.5472672351048,2020.70668934427,2020.70816888735,287600000,NA,Liège,Liège,4130,4870
916,1975,1977,1.49432873699507e-05,634309.368711284,735569.998296896,634290.862508959,735594.471798511,0.58095723510217,0.5809422918148,2020.74036440098,2020.74037934427,287600000,NA,Liège,Liège,4130,4130
918,1976,1457,0.0683638251400001,634290.862508959,735594.471798511,653784.319388304,732122.173237318,0.64932106024217,0.58095723510217,2020.74037934427,2020.80874316941,287600000,hCoV-19/Belgium/ULG-10580/2020|EPI_ISL_626255|2020-10-23|Europe,Liège,Liège,4130,4450
919,1976,1456,0.07656054645,634290.862508959,735594.471798511,625062.43113683,734256.091014646,0.65751778155217,0.58095723510217,2020.74037934427,2020.81693989072,287600000,hCoV-19/Belgium/ULG-10655/2020|EPI_ISL_636632|2020-10-26|Europe,Liège,Liège,4130,4180
920,1977,1979,0.04353,634290.862508959,735594.471798511,634242.647422166,734533.932709747,0.62448723510217,0.58095723510217,2020.74037934427,2020.78390934427,287600000,NA,Liège,Liège,4130,4130
921,1977,1978,0.06636,634290.862508959,735594.471798511,639595.266758883,723257.690009085,0.64731723510217,0.58095723510217,2020.74037934427,2020.80673934427,287600000,NA,Liège,Liège,4130,4480
922,1978,1459,0.01020054645,639595.266758883,723257.690009085,639519.48310725,723223.069287501,0.65751778155217,0.64731723510217,2020.80673934427,2020.81693989072,287600000,hCoV-19/Belgium/ULG-10666/2020|EPI_ISL_636642|2020-10-26|Europe,Liège,Liège,4480,4480
923,1978,1458,0.01020054645,639595.266758883,723257.690009085,638986.16858967,716210.194238665,0.65751778155217,0.64731723510217,2020.80673934427,2020.81693989072,287600000,hCoV-19/Belgium/ULG-10667/2020|EPI_ISL_636643|2020-10-26|Europe,Liège,Liège,4480,4540
926,1980,1461,0.01111054645,652588.884633581,741382.793260193,645528.338968298,721975.426681598,0.65751778155217,0.64640723510217,2020.80582934427,2020.81693989072,287600000,hCoV-19/Belgium/ULG-10650/2020|EPI_ISL_636628|2020-10-26|Europe,Liège,Liège,4020,4460
927,1980,1462,0.07121983607,652588.884633581,741382.793260193,652574.497630409,741461.713956955,0.71762707117217,0.64640723510217,2020.80582934427,2020.87704918034,287600000,hCoV-19/Belgium/ULG-10800/2020|EPI_ISL_661230|2020-11-17|Europe,Liège,Liège,4020,4020
929,1981,1986,0.000285002361400055,640160.028902508,747613.952466783,640138.530425204,747724.129669341,0.5490317805452,0.5487467781838,2020.70816888735,2020.70845388971,287600000,NA,Liège,Liège,4870,4870
930,1982,1983,0.00290000000000001,640263.817718956,747549.205481192,640240.625456834,747549.027552267,0.6022972351038,0.5993972351038,2020.75881934427,2020.76171934427,287600000,NA,Liège,Liège,4870,4870
933,1983,1985,0.04569,640240.625456834,747549.027552267,640324.866692174,747541.47226262,0.6479872351038,0.6022972351038,2020.76171934427,2020.80740934427,287600000,NA,Liège,Liège,4870,4870
934,1984,1465,0.01021054645,646491.399956252,745249.389601277,646391.585149466,745336.928484464,0.6575177815538,0.6473072351038,2020.80672934427,2020.81693989072,287600000,hCoV-19/Belgium/ULG-10629/2020|EPI_ISL_636608|2020-10-26|Europe,Liège,Liège,4630,4630
937,1985,1466,0.02319174863,640324.866692174,747541.47226262,641531.748402543,741652.512239377,0.6711789837338,0.6479872351038,2020.80740934427,2020.8306010929,287600000,hCoV-19/Belgium/ULG-10765/2020|EPI_ISL_644611|2020-10-31|Europe,Liège,Liège,4870,4870
938,1986,1992,0.000805454559499985,640138.530425204,747724.129669341,640236.269511477,747545.947078089,0.5498372351047,0.5490317805452,2020.70845388971,2020.70925934427,287600000,NA,Liège,Liège,4870,4870
939,1986,1987,0.00223545455899998,640138.530425204,747724.129669341,647292.92779396,738516.645450728,0.5512672351042,0.5490317805452,2020.70845388971,2020.71068934427,287600000,NA,Liège,Liège,4870,4030
940,1987,1468,0.0980538251399999,647292.92779396,738516.645450728,648738.401687797,741515.077954964,0.6493210602442,0.5512672351042,2020.71068934427,2020.80874316941,287600000,hCoV-19/Belgium/ULG-10555/2020|EPI_ISL_626317|2020-10-23|Europe,Liège,Liège,4030,4610
946,1990,1471,0.00098661202189998,646314.305085399,733554.067480356,646320.940199528,733537.621648092,0.5673538471261,0.5663672351042,2020.72578934427,2020.72677595629,287600000,hCoV-19/Belgium/ULG-10498/2020|EPI_ISL_581660|2020-09-23|Europe,Liège,Liège,4000,4000
949,1991,1472,0.00292382513699996,642278.643370329,715140.608964224,642122.164081898,715106.959718617,0.6493210602412,0.6463972351042,2020.80581934427,2020.80874316941,287600000,hCoV-19/Belgium/ULG-10599/2020|EPI_ISL_626292|2020-10-23|Europe,Liège,Liège,4530,4530
950,1992,1993,0.0742759079,640236.269511477,747545.947078089,637870.822403969,747980.028346386,0.6241131430047,0.5498372351047,2020.70925934427,2020.78353525217,287600000,NA,Liège,Liège,4870,4141
951,1992,1474,0.1076805464,640236.269511477,747545.947078089,643095.306537172,751477.96458919,0.6575177815047,0.5498372351047,2020.70925934427,2020.81693989067,287600000,hCoV-19/Belgium/ULG-10694/2020|EPI_ISL_636666|2020-10-26|Europe,Liège,Liège,4870,4861
952,1993,1997,0.000554092101100023,637870.822403969,747980.028346386,637871.188601576,747979.582801386,0.6246672351058,0.6241131430047,2020.78353525217,2020.78408934427,287600000,NA,Liège,Liège,4141,4141
953,1993,1994,0.0210940921,637870.822403969,747980.028346386,637987.825890985,747965.469292261,0.6452072351047,0.6241131430047,2020.78353525217,2020.80462934427,287600000,NA,Liège,Liège,4141,4141
954,1994,1475,0.00411382513699998,637987.825890985,747965.469292261,658439.257497073,745266.060505119,0.6493210602417,0.6452072351047,2020.80462934427,2020.80874316941,287600000,hCoV-19/Belgium/ULG-10544/2020|EPI_ISL_626303|2020-10-23|Europe,Liège,Liège,4141,4600
956,1995,1476,0.00339382513700004,628525.64937866,746138.695247821,624910.346901404,742367.298462737,0.6493210602417,0.6459272351047,2020.80534934427,2020.80874316941,287600000,hCoV-19/Belgium/ULG-10531/2020|EPI_ISL_626315|2020-10-23|Europe,Liège,Liège,4920,4920
957,1995,1996,0.000940000000000052,628525.64937866,746138.695247821,628556.069538317,746134.487350031,0.6468672351047,0.6459272351047,2020.80534934427,2020.80628934427,287600000,NA,Liège,Liège,4920,4920
959,1996,1477,0.01065054645,628556.069538317,746134.487350031,631693.48386975,717539.086430091,0.6575177815547,0.6468672351047,2020.80628934427,2020.81693989072,287600000,hCoV-19/Belgium/ULG-10661/2020|EPI_ISL_636638|2020-10-26|Europe,Liège,Liège,4920,4577
960,1997,1479,0.03285054645,637871.188601576,747979.582801386,649453.945877644,702647.263781135,0.6575177815558,0.6246672351058,2020.78408934427,2020.81693989072,287600000,hCoV-19/Belgium/ULG-10657/2020|EPI_ISL_636634|2020-10-26|Europe,Liège,Liège,4141,4280
961,1997,1480,0.03285054645,637871.188601576,747979.582801386,637841.234028692,747998.822522018,0.6575177815558,0.6246672351058,2020.78408934427,2020.81693989072,287600000,hCoV-19/Belgium/ULG-10662/2020|EPI_ISL_636639|2020-10-26|Europe,Liège,Liège,4141,4141
963,1998,1481,0.06572404372,644141.062248942,732883.542252029,643841.780467258,729504.031189227,0.5154412788161,0.4497172350961,2020.60913934426,2020.67486338798,287600000,hCoV-19/Belgium/ULG-10606/2020|EPI_ISL_626251|2020-09-04|Europe,Liège,Liège,4102,4100
964,2004,2001,9.89071027300038e-06,644594.361433952,719862.671699665,644584.620390398,719875.528693691,9.89071027300038e-06,0,2020.71856934426,2020.71857923497,287600000,hCoV-19/Belgium/ULG-10757/2020|EPI_ISL_641599|2020-09-20|Europe,Liège,Liège,4470,4470
965,2004,2005,0.00479,644594.361433952,719862.671699665,631722.166340926,715620.75487932,0.00479,0,2020.71856934426,2020.72335934426,287600000,NA,Liège,Liège,4470,4577
966,2005,2003,0.0006843715848,631722.166340926,715620.75487932,630921.243682972,715039.47068314,0.0054743715848,0.00479,2020.72335934426,2020.72404371584,287600000,hCoV-19/Belgium/ULG-10473/2020|EPI_ISL_581642|2020-09-22|Europe,Liège,Liège,4577,4577
967,2209,2124,2.13114753599974e-05,632687.663450731,714314.6435784,632660.067070612,714328.808819333,0.38692253245194,0.38690122097658,2020.59833934426,2020.59836065574,287600000,hCoV-19/Belgium/ULG-10387/2020|EPI_ISL_540554|2020-08-07|Europe,Liège,Liège,4500,4500
969,2219,2220,0.04512,646500.329974398,749823.674893133,644598.828002727,764636.648756523,0.04512,0,2020.76107934426,2020.80619934426,287600000,NA,Liège,Liège,4651,4837
971,2220,2218,0.06811759563,644598.828002727,764636.648756523,645324.756356682,746525.188571089,0.11323759563,0.04512,2020.80619934426,2020.87431693989,287600000,hCoV-19/Belgium/ULG-10820/2020|EPI_ISL_661243|2020-11-16|Europe,Liège,Liège,4837,4630
973,2242,2244,3.45893671499994e-05,633037.436242362,714825.977128966,633061.675379265,714852.438006301,3.45893671499994e-05,0,2020.68797475489,2020.68800934426,287600000,NA,Liège,Liège,4500,4500
974,2243,2228,0.03056989071,633061.675379265,714852.438006301,637461.199544874,710782.835117063,0.03060448007715,3.45893671499994e-05,2020.68800934426,2020.71857923497,287600000,hCoV-19/Belgium/ULG-10756/2020|EPI_ISL_641598|2020-09-20|Europe,Liège,Liège,4500,4520
976,2244,2230,0.02510540984,633061.675379265,714852.438006301,633825.105648827,716823.260819696,0.02513999920715,3.45893671499994e-05,2020.68800934426,2020.7131147541,287600000,hCoV-19/Belgium/ULG-10733/2020|EPI_ISL_641575|2020-09-18|Europe,Liège,Liège,4500,4500
978,2245,2231,0.03019661202,633430.440154711,715297.82883271,633238.57188312,714555.812473197,0.03880120138715,0.00860458936715,2020.69657934426,2020.72677595628,287600000,hCoV-19/Belgium/ULG-10481/2020|EPI_ISL_581590|2020-09-23|Europe,Liège,Liège,4500,4500
979,2245,2246,0.00395,633430.440154711,715297.82883271,633546.240546555,715406.072175546,0.01255458936715,0.00860458936715,2020.69657934426,2020.70052934426,287600000,NA,Liège,Liège,4500,4500
980,2246,2247,0.00216,633546.240546555,715406.072175546,632021.545454761,714619.625645105,0.01471458936715,0.01255458936715,2020.70052934426,2020.70268934426,287600000,NA,Liège,Liège,4500,4577
981,2246,2250,0.00216,633546.240546555,715406.072175546,632021.545454761,714619.625645105,0.01471458936715,0.01255458936715,2020.70052934426,2020.70268934426,287600000,NA,Liège,Liège,4500,4577
982,2247,2248,0.00221,632021.545454761,714619.625645105,632060.00899962,714914.407476865,0.01692458936715,0.01471458936715,2020.70268934426,2020.70489934426,287600000,NA,Liège,Liège,4577,4577
984,2248,2232,1.86885246400009e-05,632060.00899962,714914.407476865,632048.376332645,714954.143902914,0.01694327789179,0.01692458936715,2020.70489934426,2020.70491803278,287600000,hCoV-19/Belgium/ULG-10724/2020|EPI_ISL_641566|2020-09-15|Europe,Liège,Liège,4577,4577
986,2249,2234,1.86885246400009e-05,632060.00899962,714914.407476865,638823.47473378,722209.074331875,0.01694327789179,0.01692458936715,2020.70489934426,2020.70491803278,287600000,hCoV-19/Belgium/ULG-10723/2020|EPI_ISL_641565|2020-09-15|Europe,Liège,Liège,4577,4480
987,2250,2251,0.00221,632021.545454761,714619.625645105,632060.00899962,714914.407476865,0.01692458936715,0.01471458936715,2020.70268934426,2020.70489934426,287600000,NA,Liège,Liège,4577,4577
988,2250,2252,0.01302,632021.545454761,714619.625645105,633349.808562411,715099.011339904,0.02773458936715,0.01471458936715,2020.70268934426,2020.71570934426,287600000,NA,Liège,Liège,4577,4500
991,2252,2238,0.000137650273100001,633349.808562411,715099.011339904,633242.71476656,715111.079837908,0.02787223964025,0.02773458936715,2020.71570934426,2020.71584699453,287600000,hCoV-19/Belgium/ULG-10749/2020|EPI_ISL_641591|2020-09-19|Europe,Liège,Liège,4500,4500
995,2254,2240,0.002436612022,637010.767528258,717930.064489203,640499.032690854,701367.007309695,0.03880120138875,0.03636458936675,2020.72433934426,2020.72677595628,287600000,hCoV-19/Belgium/ULG-10485/2020|EPI_ISL_581592|2020-09-23|Europe,Liège,Liège,4540,4217
996,2254,2241,0.002436612022,637010.767528258,717930.064489203,636898.264174244,718028.59926771,0.03880120138875,0.03636458936675,2020.72433934426,2020.72677595628,287600000,hCoV-19/Belgium/ULG-10487/2020|EPI_ISL_581593|2020-09-23|Europe,Liège,Liège,4540,4540
997,2292,2272,0.00259215474899999,648089.778553039,701363.260220097,635525.873684578,720460.217744209,0.031202295082,0.028610140333,2020.24330948459,2020.24590163934,287600000,hCoV-19/Belgium/ULG-10044/2020|EPI_ISL_421211|2020-03-31|Europe,Liège,Liège,4280,4550
1000,2298,2277,8.74316905097317e-07,647746.328236219,738055.689435071,647745.59391967,738056.448784148,0.151420874316905,0.15142,2020.36611934426,2020.36612021858,287600000,hCoV-19/Belgium/ULG-10221/2020|EPI_ISL_498127|2020-05-14|Europe,Liège,Liège,4020,4020
1001,2298,2278,8.74316905097317e-07,647746.328236219,738055.689435071,636849.653762746,716466.231827708,0.151420874316905,0.15142,2020.36611934426,2020.36612021858,287600000,hCoV-19/Belgium/ULG-10209/2020|EPI_ISL_484698|2020-05-14|Europe,Liège,Liège,4020,4540
1002,2299,2300,0.000704201815000027,645747.068960547,739361.915501251,645783.090114933,739349.262291433,0.298960000015,0.2982557982,2020.51295514246,2020.51365934428,287600000,NA,Liège,Liège,4032,4032
1003,2299,2301,0.000704201815000027,645747.068960547,739361.915501251,645783.090114933,739349.262291433,0.298960000015,0.2982557982,2020.51295514246,2020.51365934428,287600000,NA,Liège,Liège,4032,4032
1005,2300,2279,0.03278874317,645783.090114933,739349.262291433,646757.237834377,740699.042727323,0.331748743185,0.298960000015,2020.51365934428,2020.54644808745,287600000,hCoV-19/Belgium/ULG-10268/2020|EPI_ISL_515075|2020-07-19|Europe,Liège,Liège,4032,4610
1006,2301,2303,0.02459,645783.090114933,739349.262291433,638782.449964033,719821.744946421,0.323550000015,0.298960000015,2020.51365934428,2020.53824934428,287600000,NA,Liège,Liège,4032,4480
1007,2303,2284,0.01093098361,638782.449964033,719821.744946421,639582.628425819,732147.532035141,0.334480983625,0.323550000015,2020.53824934428,2020.54918032789,287600000,hCoV-19/Belgium/ULG-10269/2020|EPI_ISL_515076|2020-07-20|Europe,Liège,Liège,4480,4100
1009,2318,2319,0.06813,639670.738531551,727395.606379497,639336.8253532,735152.494326755,0.069281672201,0.00115167220099999,2020.57912934427,2020.64725934427,287600000,NA,Liège,Liège,4400,4130
1010,2318,2320,0.000330000000000025,639670.738531551,727395.606379497,639671.27032651,727399.962459404,0.00148167220100001,0.00115167220099999,2020.57912934427,2020.57945934427,287600000,NA,Liège,Liège,4400,4400
1012,2319,2305,0.02760404372,639336.8253532,735152.494326755,636969.368138036,734159.680697372,0.096885715921,0.069281672201,2020.64725934427,2020.67486338799,287600000,hCoV-19/Belgium/ULG-10604/2020|EPI_ISL_626249|2020-09-04|Europe,Liège,Liège,4130,4130
1013,2320,2321,0.02709,639671.27032651,727399.962459404,639961.185485821,727877.22848871,0.028571672201,0.00148167220100001,2020.57945934427,2020.60654934427,287600000,NA,Liège,Liège,4400,4121
1014,2321,2307,8.03278696298593e-06,639961.185485821,727877.22848871,639959.85942446,727872.021315184,0.028579704987963,0.028571672201,2020.60654934427,2020.60655737706,287600000,hCoV-19/Belgium/ULG-10397/2020|EPI_ISL_540564|2020-08-10|Europe,Liège,Liège,4121,4121
1015,2482,2483,0.00324609467799997,645796.695613421,748721.971075596,645812.851725141,748714.21406529,0.00324609467799997,0,2020.15892934425,2020.16217543893,287600000,NA,Liège,Liège,4630,4630
1016,2483,2484,0.000503905322200016,645812.851725141,748714.21406529,645827.292311933,748660.348505985,0.00375000000019998,0.00324609467799997,2020.16217543893,2020.16267934425,287600000,NA,Liège,Liège,4630,4630
1017,2483,2494,0.00424390532200003,645812.851725141,748714.21406529,645737.106797189,748901.112446069,0.00749,0.00324609467799997,2020.16217543893,2020.16641934425,287600000,NA,Liège,Liège,4630,4630
1018,2484,2488,0.05385,645827.292311933,748660.348505985,645331.622223569,748822.282993252,0.0576000000002,0.00375000000019998,2020.16267934425,2020.21652934425,287600000,NA,Liège,Liège,4630,4630
1019,2484,2485,0.01027,645827.292311933,748660.348505985,645897.402841242,748591.445169383,0.0140200000002,0.00375000000019998,2020.16267934425,2020.17294934425,287600000,NA,Liège,Liège,4630,4630
1020,2485,2487,0.00190000000000001,645897.402841242,748591.445169383,645875.385519477,748616.673783027,0.0159200000002,0.0140200000002,2020.17294934425,2020.17484934425,287600000,NA,Liège,Liège,4630,4630
1022,2486,2329,1.07650274100424e-05,652746.739912705,735398.429777651,652758.878753399,735440.704525373,0.02413076502761,0.0241200000002,2020.18304934425,2020.18306010928,287600000,hCoV-19/Belgium/ULG-3843/2020|EPI_ISL_417012|2020-03-08|Europe,Liège,Liège,4041,4041
1023,2486,2330,0.07104901639,652746.739912705,735398.429777651,648072.410291145,739938.768231178,0.0951690163902,0.0241200000002,2020.18304934425,2020.25409836064,287600000,hCoV-19/Belgium/ULG-10068/2020|EPI_ISL_424636|2020-04-03|Europe,Liège,Liège,4041,4020
1024,2487,2331,0.00274628415299999,645875.385519477,748616.673783027,644096.828289405,730742.186127679,0.0186662841532,0.0159200000002,2020.17484934425,2020.1775956284,287600000,hCoV-19/Belgium/RS-030677/2020|EPI_ISL_420333|2020-03-06|Europe,Liège,Liège,4630,4100
1026,2488,2489,0.43374,645331.622223569,748822.282993252,640511.272355787,741371.767497819,0.4913400000002,0.0576000000002,2020.21652934425,2020.65026934425,287600000,NA,Liège,Liège,4630,4052
1027,2488,2490,0.01235,645331.622223569,748822.282993252,644566.891159281,757646.624900216,0.0699500000002,0.0576000000002,2020.21652934425,2020.22887934425,287600000,NA,Liège,Liège,4630,4800
1028,2489,2333,3.87978143701062e-06,640511.272355787,741371.767497819,640512.321792358,741371.322520649,0.491343879781637,0.4913400000002,2020.65026934425,2020.65027322403,287600000,hCoV-19/Belgium/ULG-10453/2020|EPI_ISL_581627|2020-08-26|Europe,Liège,Liège,4052,4052
1030,2490,2335,0.03068349727,644566.891159281,757646.624900216,644510.275967388,757618.998160007,0.1006334972702,0.0699500000002,2020.22887934425,2020.25956284152,287600000,hCoV-19/Belgium/ULG-10053/2020|EPI_ISL_424661|2020-04-05|Europe,Liège,Liège,4800,4800
1031,2490,2491,0.01017,644566.891159281,757646.624900216,644632.703045006,728808.037355876,0.0801200000002,0.0699500000002,2020.22887934425,2020.23904934425,287600000,NA,Liège,Liège,4800,4400
1032,2491,2492,0.00203999999999999,644632.703045006,728808.037355876,644551.096306049,727893.539390129,0.0821600000002,0.0801200000002,2020.23904934425,2020.24108934425,287600000,NA,Liège,Liège,4400,4400
1033,2491,2336,0.02597797814,644632.703045006,728808.037355876,644548.083201251,728749.526347083,0.1060979781402,0.0801200000002,2020.23904934425,2020.26502732239,287600000,hCoV-19/Belgium/ULG-10127/2020|EPI_ISL_427373|2020-04-07|Europe,Liège,Liège,4400,4400
1034,2492,2493,0.00139,644551.096306049,727893.539390129,644506.977262761,727899.378112019,0.0835500000002,0.0821600000002,2020.24108934425,2020.24247934425,287600000,NA,Liège,Liège,4400,4400
1035,2492,2337,0.0212057377,644551.096306049,727893.539390129,646047.229710126,737376.381798962,0.1033657377002,0.0821600000002,2020.24108934425,2020.26229508195,287600000,hCoV-19/Belgium/ULG-10105/2020|EPI_ISL_427356|2020-04-06|Europe,Liège,Liège,4400,4030
1036,2493,2339,0.00342229508199998,644506.977262761,727899.378112019,644492.024568862,727901.275375229,0.0869722950822,0.0835500000002,2020.24247934425,2020.24590163933,287600000,hCoV-19/Belgium/ULG-10043/2020|EPI_ISL_421210|2020-03-31|Europe,Liège,Liège,4400,4400
1037,2493,2338,0.000690054644899962,644506.977262761,727899.378112019,613911.784358912,768799.258708782,0.0842400546451,0.0835500000002,2020.24247934425,2020.24316939889,287600000,hCoV-19/Belgium/ULG-10006/2020|EPI_ISL_421185|2020-03-30|Europe,Liège,Liège,4400,4780
1038,2494,2497,0.00652999999999998,645737.106797189,748901.112446069,647849.173417267,740069.058386748,0.01402,0.00749,2020.16641934425,2020.17294934425,287600000,NA,Liège,Liège,4630,4020
1039,2494,2495,0.00189,645737.106797189,748901.112446069,645748.568481464,748816.919102329,0.00938,0.00749,2020.16641934425,2020.16830934425,287600000,NA,Liège,Liège,4630,4630
1041,2497,2498,0.00190000000000001,647849.173417267,740069.058386748,645875.385519477,748616.673783027,0.01592,0.01402,2020.17294934425,2020.17484934425,287600000,NA,Liège,Liège,4020,4630
1042,2498,2343,1.4043715799994e-05,645875.385519477,748616.673783027,644366.392689833,747579.940443653,0.0159340437158,0.01592,2020.17484934425,2020.17486338796,287600000,hCoV-19/Belgium/ULG-3000/2020|EPI_ISL_417004|2020-03-05|Europe,Liège,Liège,4630,4630
1043,2498,2344,1.4043715799994e-05,645875.385519477,748616.673783027,648231.360937471,752577.877633013,0.0159340437158,0.01592,2020.17484934425,2020.17486338796,287600000,hCoV-19/Belgium/PAN-030681/2020|EPI_ISL_420337|2020-03-05|Europe,Liège,Liège,4630,4651
1044,2499,2503,0.01063623854,647899.828226015,740028.736452493,647840.26330169,740186.64787604,0.031623795336,0.020987556796,2020.17991690104,2020.19055313959,287600000,NA,Liège,Liège,4020,4020
1045,2503,2504,0.00968768370399997,647840.26330169,740186.64787604,647852.323620023,740382.63803981,0.04131147904,0.031623795336,2020.19055313959,2020.20024082329,287600000,NA,Liège,Liège,4020,4020
1046,2504,2506,0.00091852095720002,647852.323620023,740382.63803981,647843.507194171,740378.489202376,0.0422299999972,0.04131147904,2020.20024082329,2020.20115934425,287600000,NA,Liège,Liège,4020,4020
1048,2505,2350,0.00102644808800001,647843.507194171,740378.489202376,647784.882954384,740324.893363212,0.0432564480852,0.0422299999972,2020.20115934425,2020.20218579233,287600000,hCoV-19/Belgium/ULG-6950/2020|EPI_ISL_417023|2020-03-15|Europe,Liège,Liège,4020,4020
1049,2505,2349,0.00102644808800001,647843.507194171,740378.489202376,651846.576595176,734131.4232348,0.0432564480852,0.0422299999972,2020.20115934425,2020.20218579233,287600000,hCoV-19/Belgium/ULG-6942/2020|EPI_ISL_417021|2020-03-15|Europe,Liège,Liège,4020,4000
1050,2506,2507,0.00374999999999998,647843.507194171,740378.489202376,644671.44164078,738321.180244015,0.0459799999972,0.0422299999972,2020.20115934425,2020.20490934425,287600000,NA,Liège,Liège,4020,4053
1052,2507,2352,8.68852464203096e-06,644671.44164078,738321.180244015,644670.188801609,738322.039501705,0.045988688521842,0.0459799999972,2020.20490934425,2020.20491803277,287600000,hCoV-19/Belgium/ULG-7242/2020|EPI_ISL_418626|2020-03-16|Europe,Liège,Liège,4053,4053
1053,2507,2353,0.05465349727,644671.44164078,738321.180244015,649975.225550554,732846.662851132,0.1006334972672,0.0459799999972,2020.20490934425,2020.25956284152,287600000,hCoV-19/Belgium/ULG-10061/2020|EPI_ISL_424662|2020-04-05|Europe,Liège,Liège,4053,4430
1054,2573,2575,0.08135093376,632203.426833871,742473.694302824,645792.471949042,754631.677330971,0.3163509337421,0.2349999999821,2020.39392934423,2020.47528027799,287600000,NA,Liège,Liège,4140,4820
1057,2575,2576,0.000109066239500022,645792.471949042,754631.677330971,645752.89310841,754706.857672462,0.3164599999816,0.3163509337421,2020.47528027799,2020.47538934423,287600000,NA,Liège,Liège,4820,4820
1058,2575,2580,0.000109066239500022,645792.471949042,754631.677330971,645752.89310841,754706.857672462,0.3164599999816,0.3163509337421,2020.47528027799,2020.47538934423,287600000,NA,Liège,Liège,4820,4820
1059,2576,2419,2.04918033199775e-05,645752.89310841,754706.857672462,645748.336397585,754702.73060863,0.31648049178492,0.3164599999816,2020.47538934423,2020.47540983603,287600000,hCoV-19/Belgium/ULG-10235/2020|EPI_ISL_498141|2020-06-23|Europe,Liège,Liège,4820,4820
1061,2577,2420,0.02049338798,648235.456548141,743307.013475473,647291.414211024,736714.17445853,0.4175733879616,0.3970799999816,2020.55600934423,2020.57650273221,287600000,hCoV-19/Belgium/ULG-10335/2020|EPI_ISL_540502|2020-07-30|Europe,Liège,Liège,4621,4030
1062,2577,2578,0.0102,648235.456548141,743307.013475473,648245.990696866,743252.797252842,0.4072799999816,0.3970799999816,2020.55600934423,2020.56620934423,287600000,NA,Liège,Liège,4621,4621
1063,2578,2579,0.00208000000000003,648245.990696866,743252.797252842,648217.681522038,743165.627342898,0.4093599999816,0.4072799999816,2020.56620934423,2020.56828934423,287600000,NA,Liège,Liège,4621,4621
1064,2578,2421,0.00756114754100001,648245.990696866,743252.797252842,648614.574337867,743245.095167166,0.4148411475226,0.4072799999816,2020.56620934423,2020.57377049177,287600000,hCoV-19/Belgium/ULG-10321/2020|EPI_ISL_540488|2020-07-29|Europe,Liège,Liège,4621,4621
1065,2579,2423,1.66666667399951e-05,648217.681522038,743165.627342898,646248.443071857,740522.072501226,0.40937666664834,0.4093599999816,2020.56828934423,2020.5683060109,287600000,hCoV-19/Belgium/ULG-10313/2020|EPI_ISL_540480|2020-07-27|Europe,Liège,Liège,4621,4610
1066,2579,2422,1.66666667399951e-05,648217.681522038,743165.627342898,648215.757751277,743168.864657125,0.40937666664834,0.4093599999816,2020.56828934423,2020.5683060109,287600000,hCoV-19/Belgium/ULG-10315/2020|EPI_ISL_540482|2020-07-27|Europe,Liège,Liège,4621,4621
1067,2580,2590,0.03772,645752.89310841,754706.857672462,645731.910175885,754643.837934422,0.3541799999816,0.3164599999816,2020.47538934423,2020.51310934423,287600000,NA,Liège,Liège,4820,4820
1068,2580,2581,0.02661527539,645752.89310841,754706.857672462,645444.422889324,758170.737345173,0.3430752753716,0.3164599999816,2020.47538934423,2020.50200461962,287600000,NA,Liège,Liège,4820,4821
1069,2581,2582,0.00682472461299999,645444.422889324,758170.737345173,646163.966298351,758570.933411124,0.3498999999846,0.3430752753716,2020.50200461962,2020.50882934423,287600000,NA,Liège,Liège,4821,4821
1071,2582,2583,0.00208000000000003,646163.966298351,758570.933411124,648217.681522038,743165.627342898,0.3519799999846,0.3498999999846,2020.50882934423,2020.51090934423,287600000,NA,Liège,Liège,4821,4621
1072,2582,2584,0.02193,646163.966298351,758570.933411124,646384.093265058,758681.814227845,0.3718299999846,0.3498999999846,2020.50882934423,2020.53075934423,287600000,NA,Liège,Liège,4821,4821
1073,2583,2424,1.96174864099952e-05,648217.681522038,743165.627342898,646165.098991496,758082.134850403,0.35199961747101,0.3519799999846,2020.51090934423,2020.51092896172,287600000,hCoV-19/Belgium/ULG-10245/2020|EPI_ISL_498151|2020-07-06|Europe,Liège,Liège,4621,4821
1074,2583,2425,1.96174864099952e-05,648217.681522038,743165.627342898,644104.654420858,756197.440160153,0.35199961747101,0.3519799999846,2020.51090934423,2020.51092896172,287600000,hCoV-19/Belgium/ULG-10244/2020|EPI_ISL_498150|2020-07-06|Europe,Liège,Liège,4621,4821
1075,2584,2426,0.02934994536,646384.093265058,758681.814227845,644626.496439655,759116.363346154,0.4011799453446,0.3718299999846,2020.53075934423,2020.56010928959,287600000,hCoV-19/Belgium/ULG-10309/2020|EPI_ISL_540476|2020-07-24|Europe,Liège,Liège,4821,4801
1076,2584,2427,0.0102242623,646384.093265058,758681.814227845,634598.926110579,711660.345657327,0.3820542622846,0.3718299999846,2020.53075934423,2020.54098360653,287600000,hCoV-19/Belgium/ULG-10255/2020|EPI_ISL_515062|2020-07-17|Europe,Liège,Liège,4821,4500
1077,2585,2428,2.28961748000023e-05,646533.304394865,758760.133479322,646535.857572294,758763.143753998,0.3438028961598,0.343779999985,2020.50270934423,2020.50273224041,287600000,hCoV-19/Belgium/ULG-10243/2020|EPI_ISL_498149|2020-07-03|Europe,Liège,Liège,4821,4821
1079,2586,2429,1.97814207700264e-05,643760.212165183,702379.892100431,643760.101553263,702376.916794407,0.37658978140577,0.376569999985,2020.53549934423,2020.53551912565,287600000,hCoV-19/Belgium/ULG-10272/2020|EPI_ISL_515079|2020-07-15|Europe,Liège,Liège,4260,4260
1081,2590,2591,0.02091456283,645731.910175885,754643.837934422,647896.517049063,737714.840847572,0.3750945628116,0.3541799999816,2020.51310934423,2020.53402390706,287600000,NA,Liège,Liège,4820,4020
1082,2590,2596,0.00219000000000003,645731.910175885,754643.837934422,645760.907805521,754711.714794044,0.3563699999816,0.3541799999816,2020.51310934423,2020.51529934423,287600000,NA,Liège,Liège,4820,4820
1083,2591,2594,0.00053543716740001,647896.517049063,737714.840847572,647899.427345049,737713.015403636,0.375629999979,0.3750945628116,2020.53402390706,2020.53455934423,287600000,NA,Liège,Liège,4020,4020
1084,2591,2592,0.01513543717,647896.517049063,737714.840847572,642591.703527862,738930.03888969,0.3902299999816,0.3750945628116,2020.53402390706,2020.54915934423,287600000,NA,Liège,Liège,4020,4050
1085,2592,2593,0.00819999999999999,642591.703527862,738930.03888969,644998.605009463,699924.898129926,0.3984299999816,0.3902299999816,2020.54915934423,2020.55735934423,287600000,NA,Liège,Liège,4050,4280
1086,2592,2434,2.09836066299984e-05,642591.703527862,738930.03888969,642950.537263646,739219.313721394,0.39025098358823,0.3902299999816,2020.54915934423,2020.54918032784,287600000,hCoV-19/Belgium/ULG-10250/2020|EPI_ISL_515057|2020-07-20|Europe,Liège,Liège,4050,4051
1087,2593,2436,0.03280459016,644998.605009463,699924.898129926,638230.120751108,706974.502354032,0.4312345901416,0.3984299999816,2020.55735934423,2020.59016393439,287600000,hCoV-19/Belgium/ULG-10349/2020|EPI_ISL_540516|2020-08-04|Europe,Liège,Liège,4280,4520
1088,2593,2435,1.77049180100086e-05,644998.605009463,699924.898129926,644995.116519867,699922.304157629,0.39844770489961,0.3984299999816,2020.55735934423,2020.55737704915,287600000,hCoV-19/Belgium/ULG-10305/2020|EPI_ISL_540472|2020-07-23|Europe,Liège,Liège,4280,4280
1089,2594,2595,0.01227,647899.427345049,737713.015403636,647768.355906039,737535.652692615,0.387899999979,0.375629999979,2020.53455934423,2020.54682934423,287600000,NA,Liège,Liège,4020,4020
1090,2594,2437,0.02281770492,647899.427345049,737713.015403636,649832.652075985,697440.425726279,0.398447704899,0.375629999979,2020.53455934423,2020.55737704915,287600000,hCoV-19/Belgium/ULG-10304/2020|EPI_ISL_540471|2020-07-23|Europe,Liège,Liège,4020,4280
1092,2595,2438,0.04879907104,647768.355906039,737535.652692615,647948.168298394,736865.182015118,0.436699071019,0.387899999979,2020.54682934423,2020.59562841527,287600000,hCoV-19/Belgium/ULG-10357/2020|EPI_ISL_540524|2020-08-06|Europe,Liège,Liège,4020,4020
1093,2596,2440,0.08032907104,645760.907805521,754711.714794044,644671.713391278,754145.687442206,0.4366990710216,0.3563699999816,2020.51529934423,2020.59562841527,287600000,hCoV-19/Belgium/ULG-10364/2020|EPI_ISL_540531|2020-08-06|Europe,Liège,Liège,4820,4800
1094,2596,2597,0.00220999999999999,645760.907805521,754711.714794044,645810.640745746,754762.183737501,0.3585799999816,0.3563699999816,2020.51529934423,2020.51750934423,287600000,NA,Liège,Liège,4820,4820
1095,2597,2602,0.00224999999999997,645810.640745746,754762.183737501,646257.345092329,754076.350553131,0.3608299999816,0.3585799999816,2020.51750934423,2020.51975934423,287600000,NA,Liège,Liège,4820,4800
1097,2599,2601,0.00201000000000001,648108.683574134,754414.968876338,648129.677225654,754518.28571977,0.4093499999816,0.4073399999816,2020.56626934423,2020.56827934423,287600000,NA,Liège,Liège,4650,4650
1098,2600,2443,3.33879781200253e-05,648245.990696866,743252.797252842,645583.455632669,755052.323930553,0.41757338795972,0.4175399999816,2020.57646934423,2020.57650273221,287600000,hCoV-19/Belgium/ULG-10327/2020|EPI_ISL_540494|2020-07-30|Europe,Liège,Liège,4621,4820
1099,2600,2442,3.33879781200253e-05,648245.990696866,743252.797252842,644711.328323798,753644.46130511,0.41757338795972,0.4175399999816,2020.57646934423,2020.57650273221,287600000,hCoV-19/Belgium/ULG-10328/2020|EPI_ISL_540495|2020-07-30|Europe,Liège,Liège,4621,4800
1100,2601,2445,2.66666667400051e-05,648129.677225654,754518.28571977,648128.86549303,754529.81493928,0.40937666664834,0.4093499999816,2020.56827934423,2020.5683060109,287600000,hCoV-19/Belgium/ULG-10319/2020|EPI_ISL_540486|2020-07-27|Europe,Liège,Liège,4650,4650
1101,2601,2444,0.00822338797799999,648129.677225654,754518.28571977,632860.029208642,755803.659113383,0.4175733879596,0.4093499999816,2020.56827934423,2020.57650273221,287600000,hCoV-19/Belgium/ULG-10329/2020|EPI_ISL_540496|2020-07-30|Europe,Liège,Liège,4650,4900
1102,2602,2446,0.03761770492,646257.345092329,754076.350553131,642132.047085243,755058.457333104,0.3984477049016,0.3608299999816,2020.51975934423,2020.55737704915,287600000,hCoV-19/Belgium/ULG-10302/2020|EPI_ISL_540469|2020-07-23|Europe,Liège,Liège,4800,4800
1103,2602,2603,0.00208000000000003,646257.345092329,754076.350553131,648217.681522038,743165.627342898,0.3629099999816,0.3608299999816,2020.51975934423,2020.52183934423,287600000,NA,Liège,Liège,4800,4621
1104,2603,2447,1.85792349199909e-05,648217.681522038,743165.627342898,646349.157534742,754106.048989931,0.36292857921652,0.3629099999816,2020.52183934423,2020.52185792347,287600000,hCoV-19/Belgium/ULG-10251/2020|EPI_ISL_515058|2020-07-10|Europe,Liège,Liège,4621,4800
1105,2603,2604,0.01722,648217.681522038,743165.627342898,646480.516051439,754438.417243098,0.3801299999816,0.3629099999816,2020.52183934423,2020.53905934423,287600000,NA,Liège,Liège,4621,4800
1106,2604,2605,0.00190000000000001,646480.516051439,754438.417243098,645875.385519477,748616.673783027,0.3820299999816,0.3801299999816,2020.53905934423,2020.54095934423,287600000,NA,Liège,Liège,4800,4630
1107,2605,2448,0.00275650273200001,645875.385519477,748616.673783027,645749.106000355,740622.224969473,0.3847865027136,0.3820299999816,2020.54095934423,2020.54371584696,287600000,hCoV-19/Belgium/ULG-10260/2020|EPI_ISL_515067|2020-07-18|Europe,Liège,Liège,4630,4610
1108,2605,2449,2.42622950299975e-05,645875.385519477,748616.673783027,640468.29692326,740375.42638274,0.38205426227663,0.3820299999816,2020.54095934423,2020.54098360653,287600000,hCoV-19/Belgium/ULG-10257/2020|EPI_ISL_515064|2020-07-17|Europe,Liège,Liège,4630,4870
1110,2607,2451,1.77049180100086e-05,648129.677225654,754518.28571977,646911.883642998,753789.662688689,0.39844770489961,0.3984299999816,2020.55735934423,2020.55737704915,287600000,hCoV-19/Belgium/ULG-10303/2020|EPI_ISL_540470|2020-07-23|Europe,Liège,Liège,4650,4800
1112,2617,2618,0.02292,645532.331917782,742612.318016151,645412.715644506,742745.723882396,0.3333399999833,0.3104199999833,2020.46934934423,2020.49226934423,287600000,NA,Liège,Liège,4620,4620
1113,2618,2619,0.00224999999999997,645412.715644506,742745.723882396,646257.345092329,754076.350553131,0.3355899999833,0.3333399999833,2020.49226934423,2020.49451934423,287600000,NA,Liège,Liège,4620,4800
1114,2618,2461,0.00226617486300001,645412.715644506,742745.723882396,645866.393343841,743043.6516975,0.3356061748463,0.3333399999833,2020.49226934423,2020.4945355191,287600000,hCoV-19/Belgium/ULG-10241/2020|EPI_ISL_498147|2020-06-30,Liège,Liège,4620,4620
1115,2619,2463,1.61748634299741e-05,646257.345092329,754076.350553131,645339.596168863,743083.355017244,0.33560617484673,0.3355899999833,2020.49451934423,2020.4945355191,287600000,hCoV-19/Belgium/ULG-10240/2020|EPI_ISL_498146|2020-06-30|Europe,Liège,Liège,4800,4620
1116,2619,2462,1.61748634299741e-05,646257.345092329,754076.350553131,645560.556311274,742949.289427779,0.33560617484673,0.3355899999833,2020.49451934423,2020.4945355191,287600000,hCoV-19/Belgium/ULG-10242/2020|EPI_ISL_498148|2020-06-30|Europe,Liège,Liège,4800,4620
1117,2623,2624,0.000982062368100001,646258.226470467,739165.502834396,646314.877797491,739128.437815075,0.3629099999814,0.3619279376133,2020.52085728186,2020.52183934423,287600000,NA,Liège,Liège,4032,4032
1120,2625,2626,0.00956551510499998,646259.873096336,739158.981315318,646205.264891192,739041.717488599,0.3717599999811,0.3621944848761,2020.52112382913,2020.53068934423,287600000,NA,Liège,Liège,4032,4032
1121,2625,2628,0.000715515105299991,646259.873096336,739158.981315318,646254.526752356,739105.510041239,0.3629099999814,0.3621944848761,2020.52112382913,2020.52183934423,287600000,NA,Liège,Liège,4032,4032
1122,2626,2627,0.00208000000000003,646205.264891192,739041.717488599,648217.681522038,743165.627342898,0.3738399999811,0.3717599999811,2020.53068934423,2020.53276934423,287600000,NA,Liège,Liège,4032,4621
1124,2627,2471,1.75409836499774e-05,648217.681522038,743165.627342898,631254.371760173,708968.90179417,0.37385754096475,0.3738399999811,2020.53276934423,2020.53278688521,287600000,hCoV-19/Belgium/ULG-10266/2020|EPI_ISL_515073|2020-07-14|Europe,Liège,Liège,4621,4500
1125,2627,2470,1.75409836499774e-05,648217.681522038,743165.627342898,641146.470529364,730694.608071742,0.37385754096475,0.3738399999811,2020.53276934423,2020.53278688521,287600000,hCoV-19/Belgium/ULG-10252/2020|EPI_ISL_515059|2020-07-14|Europe,Liège,Liège,4621,4100
1127,2628,2473,0.07652131148,646254.526752356,739105.510041239,649274.728156451,737984.484450196,0.4394313114614,0.3629099999814,2020.52183934423,2020.59836065571,287600000,hCoV-19/Belgium/ULG-10382/2020|EPI_ISL_540549|2020-08-07|Europe,Liège,Liège,4032,4020
1128,2643,2640,0.02542314444,642775.571818892,739558.900898381,646700.653873355,741134.999012292,0.30574666664,0.2803235222,2020.54288286649,2020.56830601093,287600000,hCoV-19/Belgium/ULG-10312/2020|EPI_ISL_540479|2020-07-27|Europe,Liège,Liège,4051,4610
1129,2643,2641,0.000832980507899983,642775.571818892,739558.900898381,642819.431768543,739503.114001821,0.2811565027079,0.2803235222,2020.54288286649,2020.543715847,287600000,hCoV-19/Belgium/ULG-10253/2020|EPI_ISL_515060|2020-07-18|Europe,Liège,Liège,4051,4051
1130,2658,2659,0.00478000000000001,651629.718849626,727391.555377583,651494.391747881,727452.73369869,0.00478000000000001,0,2020.17182934427,2020.17660934427,287600000,NA,Liège,Liège,4340,4340
1132,2659,2660,0.00455,651494.391747881,727452.73369869,655507.224940881,726933.860895303,0.00933,0.00478000000000001,2020.17660934427,2020.18115934427,287600000,NA,Liège,Liège,4340,4340
1133,2660,2644,0.06474229508,655507.224940881,726933.860895303,642092.628353287,741839.642852835,0.07407229508,0.00933,2020.18115934427,2020.24590163935,287600000,hCoV-19/Belgium/ULG-10025/2020|EPI_ISL_421199|2020-03-31|Europe,Liège,Liège,4340,4870
1134,2660,2661,0.01004368516,655507.224940881,726933.860895303,648857.437609847,735432.810003633,0.01937368516,0.00933,2020.18115934427,2020.19120302943,287600000,NA,Liège,Liège,4340,4000
1135,2661,2662,0.02803631484,648857.437609847,735432.810003633,648140.089176368,735282.122199139,0.04741,0.01937368516,2020.19120302943,2020.21923934427,287600000,NA,Liège,Liège,4000,4000
1136,2661,2666,0.000706314840900002,648857.437609847,735432.810003633,648881.635708659,735404.697237753,0.0200800000009,0.01937368516,2020.19120302943,2020.19190934427,287600000,NA,Liège,Liège,4000,4000
1137,2662,2663,0.001393558171,648140.089176368,735282.122199139,648178.225153885,735358.948808641,0.048803558171,0.04741,2020.21923934427,2020.22063290244,287600000,NA,Liège,Liège,4000,4000
1138,2662,2664,0.001138458453,648140.089176368,735282.122199139,648123.262131555,735263.616161103,0.048548458453,0.04741,2020.21923934427,2020.22037780272,287600000,NA,Liège,Liège,4000,4000
1139,2663,2645,0.000678572976999997,648178.225153885,735358.948808641,644954.593392435,730548.497619219,0.049482131148,0.048803558171,2020.22063290244,2020.22131147542,287600000,hCoV-19/Belgium/ULG-9634/2020|EPI_ISL_418651|2020-03-22|Europe,Liège,Liège,4000,4100
1141,2664,2647,0.000933672694300003,648123.262131555,735263.616161103,652673.279854877,705009.954640918,0.0494821311473,0.048548458453,2020.22037780272,2020.22131147542,287600000,hCoV-19/Belgium/ULG-9735/2020|EPI_ISL_418661|2020-03-22|Europe,Liège,Liège,4000,4250
1142,2664,2665,0.02217154155,648123.262131555,735263.616161103,629107.990675609,731438.051814692,0.070720000003,0.048548458453,2020.22037780272,2020.24254934427,287600000,NA,Liège,Liège,4000,4160
1143,2665,2648,0.000620054644900003,629107.990675609,731438.051814692,629085.412588941,731480.027640527,0.0713400546479,0.070720000003,2020.24254934427,2020.24316939892,287600000,hCoV-19/Belgium/ULG-10024/2020|EPI_ISL_421198|2020-03-30|Europe,Liège,Liège,4160,4160
1144,2666,2650,0.0703857377,648881.635708659,735404.697237753,646993.237903588,701548.296380662,0.0904657377009,0.0200800000009,2020.19190934427,2020.26229508197,287600000,hCoV-19/Belgium/WLM-0406275/2020|EPI_ISL_464069|2020-04-06|Europe,Liège,Liège,4000,4280
1145,2666,2651,0.00481196721299999,648881.635708659,735404.697237753,652880.452690677,739204.030512722,0.0248919672139,0.0200800000009,2020.19190934427,2020.19672131148,287600000,hCoV-19/Belgium/ULG-6457/2020|EPI_ISL_417015|2020-03-13|Europe,Liège,Liège,4000,4040
1147,2668,2670,0.0019,650501.275208863,728127.600186886,650387.742087513,728054.566464283,0.00576,0.00386,2020.17568934427,2020.17758934427,287600000,NA,Liège,Liège,4340,4460
1148,2669,2654,6.28415292600049e-06,650387.742087513,728054.566464283,650380.070668613,728055.662050702,0.005766284152926,0.00576,2020.17758934427,2020.17759562842,287600000,hCoV-19/Belgium/CD-030679/2020|EPI_ISL_420335|2020-03-06|Europe,Liège,Liège,4460,4460
1149,2669,2655,6.28415292600049e-06,650387.742087513,728054.566464283,629759.132738285,752627.549532975,0.005766284152926,0.00576,2020.17758934427,2020.17759562842,287600000,hCoV-19/Belgium/LM-030685/2020|EPI_ISL_420341|2020-03-06|Europe,Liège,Liège,4460,4910
1153,2686,2685,0.04005209656,648107.672935739,725199.576172583,651992.17023488,734651.385826496,0.04005209656,0,2020.22224298541,2020.26229508197,287600000,hCoV-19/Belgium/ULG-10104/2020|EPI_ISL_427355|2020-04-06|Europe,Liège,Liège,4460,4000
1154,2687,2688,0.06478239443,648009.445909638,725292.632398261,648237.594812882,725606.300231569,0.06930875328,0.00452635885,2020.22676934426,2020.29155173869,287600000,NA,Liège,Liège,4460,4460
1155,2688,2689,0.04167760557,648237.594812882,725606.300231569,649098.643660501,726314.570638347,0.11098635885,0.06930875328,2020.29155173869,2020.33322934426,287600000,NA,Liège,Liège,4460,4460
1156,2688,2694,0.000117605573199994,648237.594812882,725606.300231569,648154.939129949,725375.832084813,0.0694263588532,0.06930875328,2020.29155173869,2020.29166934426,287600000,NA,Liège,Liège,4460,4460
1157,2689,2677,0.03562311475,649098.643660501,726314.570638347,649090.773764035,726119.71568778,0.1466094736,0.11098635885,2020.33322934426,2020.36885245901,287600000,hCoV-19/Belgium/ULG-10223/2020|EPI_ISL_498129|2020-05-15|Europe,Liège,Liège,4460,4460
1158,2689,2690,0.01433,649098.643660501,726314.570638347,649930.84074783,730595.8947133,0.12531635885,0.11098635885,2020.33322934426,2020.34755934426,287600000,NA,Liège,Liège,4460,4430
1159,2690,2691,0.00489000000000001,649930.84074783,730595.8947133,649905.777852942,730948.910664417,0.13020635885,0.12531635885,2020.34755934426,2020.35244934426,287600000,NA,Liège,Liège,4430,4430
1162,2691,2679,9.67213104699494e-06,649905.777852942,730948.910664417,653400.937670891,729517.198898567,0.130216030981047,0.13020635885,2020.35244934426,2020.35245901639,287600000,hCoV-19/Belgium/ULG-10180/2020|EPI_ISL_455968|2020-05-09|Europe,Liège,Liège,4430,4432
1167,2694,2683,0.07991535519,648154.939129949,725375.832084813,646518.477091828,725485.476091871,0.1493417140432,0.0694263588532,2020.29166934426,2020.37158469945,287600000,hCoV-19/Belgium/ULG-10232/2020|EPI_ISL_498138|2020-05-16|Europe,Liège,Liège,4460,4400
1168,2694,2684,0.00341262295100001,648154.939129949,725375.832084813,637376.120046898,710203.283539074,0.0728389818042,0.0694263588532,2020.29166934426,2020.29508196721,287600000,hCoV-19/Belgium/ULG-10151/2020|EPI_ISL_447148|2020-04-18|Europe,Liège,Liège,4460,4520
1169,2705,2709,0.000350117085599996,653256.829585657,741436.754235848,653077.394680589,741773.075121075,0.0269397909756,0.02658967389,2020.56743901815,2020.56778913524,287600000,NA,Liège,Liège,4602,4602
1171,2706,2707,0.0082,653131.713625897,741129.554936166,633458.771058617,736081.119255771,0.0356299999972,0.0274299999972,2020.56827934426,2020.57647934426,287600000,NA,Liège,Liège,4602,4171
1172,2706,2696,2.66666667400051e-05,653131.713625897,741129.554936166,653127.818259493,741132.815719575,0.02745666666394,0.0274299999972,2020.56827934426,2020.56830601093,287600000,hCoV-19/Belgium/ULG-10314/2020|EPI_ISL_540481|2020-07-27|Europe,Liège,Liège,4602,4020
1173,2707,2697,2.33879781200014e-05,633458.771058617,736081.119255771,633061.03113757,736013.037342196,0.03565338797532,0.0356299999972,2020.57647934426,2020.57650273224,287600000,hCoV-19/Belgium/ULG-10332/2020|EPI_ISL_540499|2020-07-30|Europe,Liège,Liège,4171,4171
1174,2707,2708,0.01984,633458.771058617,736081.119255771,646113.619706297,731808.946299895,0.0554699999972,0.0356299999972,2020.57647934426,2020.59631934426,287600000,NA,Liège,Liège,4171,4420
1175,2708,2698,0.002041311475,646113.619706297,731808.946299895,646062.5985822,737182.732953251,0.0575113114722,0.0554699999972,2020.59631934426,2020.59836065573,287600000,hCoV-19/Belgium/ULG-10376/2020|EPI_ISL_540543|2020-08-07|Europe,Liège,Liège,4420,4030
1176,2708,2699,0.01023803279,646113.619706297,731808.946299895,646651.956425918,731994.098450819,0.0657080327872,0.0554699999972,2020.59631934426,2020.60655737705,287600000,hCoV-19/Belgium/ULG-10396/2020|EPI_ISL_540563|2020-08-10|Europe,Liège,Liège,4420,4420
1177,2709,2710,0.005950209022,653077.394680589,741773.075121075,646854.37751811,738583.783044105,0.0328899999976,0.0269397909756,2020.56778913524,2020.57373934426,287600000,NA,Liège,Liège,4602,4030
1178,2709,2703,0.000516875688400004,653077.394680589,741773.075121075,653751.154241773,740112.112452847,0.027456666664,0.0269397909756,2020.56778913524,2020.56830601093,287600000,hCoV-19/Belgium/ULG-10316/2020|EPI_ISL_540483|2020-07-27|Europe,Liège,Liège,4602,4040
1179,2710,2700,3.11475409899981e-05,646854.37751811,738583.783044105,648678.701008203,739140.918114985,0.03292114753859,0.0328899999976,2020.57373934426,2020.5737704918,287600000,hCoV-19/Belgium/ULG-10324/2020|EPI_ISL_540491|2020-07-29|Europe,Liège,Liège,4030,4020
1180,2710,2711,0.00273,646854.37751811,738583.783044105,646762.984020672,738951.387748995,0.0356199999976,0.0328899999976,2020.57373934426,2020.57646934426,287600000,NA,Liège,Liège,4030,4030
1182,2711,2702,0.01915907104,646762.984020672,738951.387748995,647517.724494665,739500.300653425,0.0547790710376,0.0356199999976,2020.57646934426,2020.5956284153,287600000,hCoV-19/Belgium/ULG-10371/2020|EPI_ISL_540538|2020-08-06|Europe,Liège,Liège,4030,4020
1183,2793,2796,0.05038,643430.202965669,708587.838046716,642865.487488164,709866.445247292,0.0511613962513,0.000781396251300026,2020.36713934426,2020.41751934426,287600000,NA,Liège,Liège,4530,4530
1184,2793,2794,0.33987,643430.202965669,708587.838046716,640445.631477678,713314.650825009,0.3406513962513,0.000781396251300026,2020.36713934426,2020.70700934426,287600000,NA,Liège,Liège,4530,4530
1185,2794,2795,0.01976,640445.631477678,713314.650825009,641422.95437787,755448.640936084,0.3604113962513,0.3406513962513,2020.70700934426,2020.72676934426,287600000,NA,Liège,Liège,4530,4802
1186,2794,2749,0.01703437158,640445.631477678,713314.650825009,637388.353910599,713145.099289982,0.3576857678313,0.3406513962513,2020.70700934426,2020.72404371584,287600000,hCoV-19/Belgium/ULG-10469/2020|EPI_ISL_581639|2020-09-22|Europe,Liège,Liège,4530,4520
1187,2795,2751,6.61202187901555e-06,641422.95437787,755448.640936084,641419.515261787,755452.024745199,0.360418008273179,0.3604113962513,2020.72676934426,2020.72677595628,287600000,hCoV-19/Belgium/ULG-10479/2020|EPI_ISL_581575|2020-09-23|Europe,Liège,Liège,4802,4802
1188,2796,2797,0.00869999999999999,642865.487488164,709866.445247292,652042.647203204,734159.788739344,0.0598613962513,0.0511613962513,2020.41751934426,2020.42621934426,287600000,NA,Liège,Liège,4530,4000
1189,2796,2752,0.01963912568,642865.487488164,709866.445247292,642984.499667637,709982.194283446,0.0708005219313,0.0511613962513,2020.41751934426,2020.43715846994,287600000,hCoV-19/Belgium/ULG-10212/2020|EPI_ISL_484700|2020-06-09|Europe,Liège,Liège,4530,4530
1190,2797,2753,1.01639343599857e-05,652042.647203204,734159.788739344,652045.120655661,734154.505445263,0.05987156018566,0.0598613962513,2020.42621934426,2020.42622950819,287600000,hCoV-19/Belgium/ULG-10210/2020|EPI_ISL_484699|2020-06-05|Europe,Liège,Liège,4000,4000
1193,2798,2754,9.28961745799706e-06,627230.043389715,732208.624561161,624029.178213172,729925.654348651,0.095390685868758,0.0953813962513,2020.46173934426,2020.46174863388,287600000,hCoV-19/Belgium/ULG-10247/2020|EPI_ISL_498629|2020-06-18|Europe,Liège,Liège,4590,4590
1194,2802,2799,0.02192131148,650844.918215282,730732.377804874,653571.792457109,730236.228935301,0.02192131148,0,2020.57643934426,2020.59836065574,287600000,hCoV-19/Belgium/ULG-10378/2020|EPI_ISL_540545|2020-08-07|Europe,Liège,Liège,4430,4432
1197,2803,2801,2.69945354699971e-05,649624.991497015,728461.672977606,649610.65945786,728461.694146467,0.04104699453547,0.04102,2020.61745934426,2020.6174863388,287600000,hCoV-19/Belgium/ULG-10427/2020|EPI_ISL_581587|2020-08-14,Liège,Liège,4460,4460
1198,2856,2804,0.08188911595,640437.744150876,732382.462779483,640473.313727569,732249.536104799,0.08188911595,0,2020.51647153982,2020.59836065577,287600000,hCoV-19/Belgium/ULG-10383/2020|EPI_ISL_540550|2020-08-07|Europe,Liège,Liège,4100,4100
1200,2857,2858,0.00458999999999998,640449.354457299,732366.151964746,638095.333515746,758901.708279609,0.00537780447219999,0.000787804472200004,2020.51725934429,2020.52184934429,287600000,NA,Liège,Liège,4100,4910
1201,2857,2859,0.01948138782,640449.354457299,732366.151964746,637011.712808399,711388.739871827,0.0202691922922,0.000787804472200004,2020.51725934429,2020.53674073211,287600000,NA,Liège,Liège,4100,4520
1202,2858,2806,8.57923491504042e-06,638095.333515746,758901.708279609,638092.66325884,758907.006612339,0.00538638370711503,0.00537780447219999,2020.52184934429,2020.52185792353,287600000,hCoV-19/Belgium/ULG-10258/2020|EPI_ISL_515065|2020-07-10|Europe,Liège,Liège,4910,4910
1205,2859,2860,0.000728237088200023,637011.712808399,711388.739871827,637063.681895429,711344.154432852,0.0209974293804,0.0202691922922,2020.53674073211,2020.5374689692,287600000,NA,Liège,Liège,4520,4520
1206,2860,2861,0.000770375089700015,637063.681895429,711344.154432852,637065.445680778,711340.125144786,0.0217678044701,0.0209974293804,2020.5374689692,2020.53823934429,287600000,NA,Liège,Liège,4520,4520
1207,2860,2862,0.000770375089700015,637063.681895429,711344.154432852,637065.445680778,711340.125144786,0.0217678044701,0.0209974293804,2020.5374689692,2020.53823934429,287600000,NA,Liège,Liège,4520,4520
1209,2863,2811,0.000248448664899981,636968.646192004,711432.190744813,639198.032234554,726589.816068018,0.0217798263281,0.0215313776632,2020.53800291748,2020.53825136615,287600000,hCoV-19/Belgium/ULG-10254/2020|EPI_ISL_515061|2020-07-16|Europe,Liège,Liège,4520,4121
1210,2863,2864,0.000236426806999979,636968.646192004,711432.190744813,636964.319640792,711441.167813782,0.0217678044702,0.0215313776632,2020.53800291748,2020.53823934429,287600000,NA,Liège,Liège,4520,4520
1211,2864,2867,0.01255,636964.319640792,711441.167813782,635367.022109976,712362.442126425,0.0343178044702,0.0217678044702,2020.53823934429,2020.55078934429,287600000,NA,Liège,Liège,4520,4500
1212,2864,2865,0.0370739228,636964.319640792,711441.167813782,636738.653374389,711022.999045069,0.0588417272702,0.0217678044702,2020.53823934429,2020.57531326709,287600000,NA,Liège,Liège,4520,4520
1213,2865,2812,0.2334299023,636738.653374389,711022.999045069,650466.724658086,737850.920650436,0.2922716295702,0.0588417272702,2020.57531326709,2020.80874316939,287600000,hCoV-19/Belgium/ULG-10551/2020|EPI_ISL_626312|2020-10-23|Europe,Liège,Liège,4520,4000
1214,2865,2866,0.000356077199500038,636738.653374389,711022.999045069,636743.13318623,711018.545649568,0.0591978044697,0.0588417272702,2020.57531326709,2020.57566934429,287600000,NA,Liège,Liège,4520,4520
1218,2867,2868,0.00559999999999999,635367.022109976,712362.442126425,634674.154254811,711296.639130442,0.0399178044702,0.0343178044702,2020.55078934429,2020.55638934429,287600000,NA,Liège,Liège,4500,4500
1219,2868,2869,0.03376,634674.154254811,711296.639130442,635537.064117788,710847.693016524,0.0736778044702,0.0399178044702,2020.55638934429,2020.59014934429,287600000,NA,Liège,Liège,4500,4500
1220,2869,2816,1.45901639800328e-05,635537.064117788,710847.693016524,635537.43499107,710849.622016594,0.07369239463418,0.0736778044702,2020.59014934429,2020.59016393445,287600000,hCoV-19/Belgium/ULG-10355/2020|EPI_ISL_540522|2020-08-04|Europe,Liège,Liège,4500,4500
1221,2869,2870,0.00505,635537.064117788,710847.693016524,633278.872916595,711993.40472542,0.0787278044702,0.0736778044702,2020.59014934429,2020.59519934429,287600000,NA,Liège,Liège,4500,4500
1222,2870,2817,0.00316131147499998,633278.872916595,711993.40472542,633279.364954665,711973.953584928,0.0818891159452,0.0787278044702,2020.59519934429,2020.59836065576,287600000,hCoV-19/Belgium/ULG-10386/2020|EPI_ISL_540553|2020-08-07|Europe,Liège,Liège,4500,4500
1224,2871,2873,0.02108,635308.855476236,712390.975913566,634669.118955957,716046.302133478,0.0573278044702,0.0362478044702,2020.55271934429,2020.57379934429,287600000,NA,Liège,Liège,4500,4500
1225,2873,2874,0.00428094089999997,634669.118955957,716046.302133478,634706.145552143,715991.60423161,0.0616087453702,0.0573278044702,2020.57379934429,2020.57808028519,287600000,NA,Liège,Liège,4500,4500
1226,2873,2889,0.00184999999999996,634669.118955957,716046.302133478,634639.349008119,716195.730960704,0.0591778044702,0.0573278044702,2020.57379934429,2020.57564934429,287600000,NA,Liège,Liège,4500,4500
1227,2874,2821,0.1268377476,634706.145552143,715991.60423161,639591.162555658,753489.833177937,0.1884464929702,0.0616087453702,2020.57808028519,2020.70491803279,287600000,hCoV-19/Belgium/ULG-10726/2020|EPI_ISL_641568|2020-09-15|Europe,Liège,Liège,4500,4860
1228,2874,2875,0.00115905910000003,634706.145552143,715991.60423161,634685.4017418,715977.319802659,0.0627678044702,0.0616087453702,2020.57808028519,2020.57923934429,287600000,NA,Liège,Liège,4500,4500
1229,2875,2878,0.00198999999999999,634685.4017418,715977.319802659,634735.800122741,716057.726826578,0.0647578044702,0.0627678044702,2020.57923934429,2020.58122934429,287600000,NA,Liège,Liège,4500,4500
1230,2875,2876,1.99999999999645e-05,634685.4017418,715977.319802659,634679.577601974,715972.315657563,0.0627878044702,0.0627678044702,2020.57923934429,2020.57925934429,287600000,NA,Liège,Liège,4500,4500
1231,2876,2822,0.03822699454,634679.577601974,715972.315657563,636001.532031954,718728.297160908,0.1010147990102,0.0627878044702,2020.57925934429,2020.61748633883,287600000,hCoV-19/Belgium/ULG-10420/2020|EPI_ISL_581602|2020-08-14|Europe,Liège,Liège,4500,4540
1233,2877,2823,1.45901639800328e-05,634550.109052624,716065.87433405,634559.359295721,716055.487195304,0.07369239463418,0.0736778044702,2020.59014934429,2020.59016393445,287600000,hCoV-19/Belgium/ULG-10348/2020|EPI_ISL_540515|2020-08-04|Europe,Liège,Liège,4500,4500
1234,2877,2824,0.00821131147500004,634550.109052624,716065.87433405,642410.231913352,717888.944857768,0.0818891159452,0.0736778044702,2020.59014934429,2020.59836065576,287600000,hCoV-19/Belgium/ULG-10388/2020|EPI_ISL_540555|2020-08-07|Europe,Liège,Liège,4500,4540
1235,2878,2879,0.00891999999999998,634735.800122741,716057.726826578,630003.410098567,709397.366612998,0.0736778044702,0.0647578044702,2020.58122934429,2020.59014934429,287600000,NA,Liège,Liège,4500,4570
1236,2878,2880,0.01456949276,634735.800122741,716057.726826578,633988.63245981,716261.592554577,0.0793272972302,0.0647578044702,2020.58122934429,2020.59579883705,287600000,NA,Liège,Liège,4500,4500
1237,2879,2825,1.45901639800328e-05,630003.410098567,709397.366612998,629996.900344718,709387.833065527,0.07369239463418,0.0736778044702,2020.59014934429,2020.59016393445,287600000,hCoV-19/Belgium/ULG-10344/2020|EPI_ISL_540511|2020-08-04|Europe,Liège,Liège,4570,4570
1238,2879,2826,1.45901639800328e-05,630003.410098567,709397.366612998,635150.843584843,716603.800804078,0.07369239463418,0.0736778044702,2020.59014934429,2020.59016393445,287600000,hCoV-19/Belgium/ULG-10346/2020|EPI_ISL_540513|2020-08-04|Europe,Liège,Liège,4570,4500
1239,2880,2881,0.000290507238700055,633988.63245981,716261.592554577,634002.121370604,716262.445876206,0.0796178044689,0.0793272972302,2020.59579883705,2020.59608934429,287600000,NA,Liège,Liège,4500,4500
1240,2880,2882,0.003860507239,633988.63245981,716261.592554577,634663.745796009,717900.495864036,0.0831878044692,0.0793272972302,2020.59579883705,2020.59965934429,287600000,NA,Liège,Liège,4500,4540
1241,2881,2828,0.00227131147499998,634002.121370604,716262.445876206,630887.362911222,708531.687030691,0.0818891159439,0.0796178044689,2020.59608934429,2020.59836065576,287600000,hCoV-19/Belgium/ULG-10375/2020|EPI_ISL_540542|2020-08-07|Europe,Liège,Liège,4500,4500
1242,2881,2827,0.00227131147499998,634002.121370604,716262.445876206,626010.897228215,716004.132076189,0.0818891159439,0.0796178044689,2020.59608934429,2020.59836065576,287600000,hCoV-19/Belgium/ULG-10374/2020|EPI_ISL_540541|2020-08-07|Europe,Liège,Liège,4500,4577
1243,2882,2883,0.00687000000000004,634663.745796009,717900.495864036,634739.677233303,717688.793076052,0.0900578044692,0.0831878044692,2020.59965934429,2020.60652934429,287600000,NA,Liège,Liège,4540,4540
1245,2883,2830,2.80327869599528e-05,634739.677233303,717688.793076052,640130.25332871,716164.189448075,0.09008583725616,0.0900578044692,2020.60652934429,2020.60655737708,287600000,hCoV-19/Belgium/ULG-10399/2020|EPI_ISL_540566|2020-08-10|Europe,Liège,Liège,4540,4540
1248,2884,2885,0.00224999999999997,634540.494125145,718055.260066121,634678.421470313,717905.632768087,0.1091878044692,0.1069378044692,2020.62340934429,2020.62565934429,287600000,NA,Liège,Liège,4577,4540
1249,2885,2832,2.3715847070005e-05,634678.421470313,717905.632768087,634742.35974288,717915.741310919,0.10921152031627,0.1091878044692,2020.62565934429,2020.62568306014,287600000,hCoV-19/Belgium/ULG-10440/2020|EPI_ISL_581617|2020-08-17|Europe,Liège,Liège,4540,4540
1250,2885,2831,2.3715847070005e-05,634678.421470313,717905.632768087,639837.11930355,710861.246273046,0.10921152031627,0.1091878044692,2020.62565934429,2020.62568306014,287600000,hCoV-19/Belgium/ULG-10439/2020|EPI_ISL_581594|2020-08-17|Europe,Liège,Liège,4540,4520
1251,2886,2887,0.00216,638192.09853838,714796.176723775,638205.553534502,714746.482086429,0.1173778044692,0.1152178044692,2020.63168934429,2020.63384934429,287600000,NA,Liège,Liège,4540,4540
1254,2888,2836,2.83606556900073e-05,644325.8163405,753647.617335212,644326.248129903,753648.030156933,0.13926616512489,0.1392378044692,2020.65570934429,2020.65573770494,287600000,hCoV-19/Belgium/ULG-10459/2020|EPI_ISL_581581|2020-08-28|Europe,Liège,Liège,4800,4800
1255,2889,2890,0.000547651153500028,634639.349008119,716195.730960704,636677.083405149,714545.984222172,0.0597254556237,0.0591778044702,2020.57564934429,2020.57619699544,287600000,NA,Liège,Liège,4500,4540
1256,2890,2891,0.000862348846499994,636677.083405149,714545.984222172,636607.880430451,714548.428779621,0.0605878044702,0.0597254556237,2020.57619699544,2020.57705934429,287600000,NA,Liège,Liège,4540,4540
1257,2890,2892,0.000615277248599999,636677.083405149,714545.984222172,636640.281493708,714540.770777067,0.0603407328723,0.0597254556237,2020.57619699544,2020.57681227269,287600000,NA,Liège,Liège,4540,4540
1258,2891,2838,0.04042699454,636607.880430451,714548.428779621,637298.277682049,715248.27343065,0.1010147990102,0.0605878044702,2020.57705934429,2020.61748633883,287600000,hCoV-19/Belgium/ULG-10419/2020|EPI_ISL_581601|2020-08-14|Europe,Liège,Liège,4540,4540
1260,2892,2894,0.000687071597899991,636640.281493708,714540.770777067,636798.006293484,714751.348593292,0.0610278044702,0.0603407328723,2020.57681227269,2020.57749934429,287600000,NA,Liège,Liège,4540,4540
1261,2894,2841,0.1465443716,636798.006293484,714751.348593292,623552.749287723,768677.898308413,0.2075721760702,0.0610278044702,2020.57749934429,2020.72404371589,287600000,hCoV-19/Belgium/ULG-10468/2020|EPI_ISL_581638|2020-09-22|Europe,Liège,Liège,4540,4960
1262,2894,2842,0.04818371585,636798.006293484,714751.348593292,647814.5118619,735320.630697917,0.1092115203202,0.0610278044702,2020.57749934429,2020.62568306014,287600000,hCoV-19/Belgium/ULG-10441/2020|EPI_ISL_581618|2020-08-17|Europe,Liège,Liège,4540,4020
1263,2903,2850,0.1820075956,646169.421624993,727744.93950093,633439.663597389,740608.964472964,0.3578454000702,0.1758378044702,2020.69230934429,2020.87431693989,287600000,hCoV-19/Belgium/ULG-10793/2020|EPI_ISL_661227|2020-11-16|Europe,Liège,Liège,4400,4140
1264,2903,2904,0.00214,646169.421624993,727744.93950093,646194.048767305,727781.781529957,0.1779778044702,0.1758378044702,2020.69230934429,2020.69444934429,287600000,NA,Liège,Liège,4400,4400
1265,2904,2851,0.1224905464,646194.048767305,727781.781529957,646223.216491171,727821.16949664,0.3004683508702,0.1779778044702,2020.69444934429,2020.81693989069,287600000,hCoV-19/Belgium/ULG-10654/2020|EPI_ISL_636631|2020-10-26|Europe,Liège,Liège,4400,4400
1268,2911,2908,0.02734131148,654000.933396477,698193.238901731,641453.777224486,718485.576193594,0.04212131148,0.01478,2020.57101934426,2020.59836065574,287600000,hCoV-19/Belgium/ULG-10380/2020|EPI_ISL_540547|2020-08-07|Europe,Liège,Liège,4280,4540
1269,2940,2937,0.02580919891,641803.993180454,739392.514222938,640896.064968948,738763.085874001,0.02580919891,0,2020.69003779563,2020.71584699454,287600000,hCoV-19/Belgium/ULG-10743/2020|EPI_ISL_641585|2020-09-19|Europe,Liège,Liège,4050,4052
1271,2941,2938,0.02238540984,641250.552488156,738565.738899561,642293.036332307,737715.613346341,0.0230769584755,0.0006915486355,2020.69072934427,2020.71311475411,287600000,hCoV-19/Belgium/ULG-10736/2020|EPI_ISL_641578|2020-09-18|Europe,Liège,Liège,4052,4053
1272,2941,2939,0.02511765027,641250.552488156,738565.738899561,640856.091705865,739314.790355818,0.0258091989055,0.0006915486355,2020.69072934427,2020.71584699454,287600000,hCoV-19/Belgium/ULG-10741/2020|EPI_ISL_641583|2020-09-19|Europe,Liège,Liège,4052,4052
1273,2974,2965,1.62841529300073e-05,637139.407112759,724446.141081267,637125.619845282,724439.482911873,0.01547628415293,0.01546,2020.17757934426,2020.17759562841,287600000,hCoV-19/Belgium/RYR-030649/2020|EPI_ISL_420315|2020-03-06|Europe,Liège,Liège,4550,4550
1274,2974,2964,1.62841529300073e-05,637139.407112759,724446.141081267,651025.005501376,758428.386361626,0.01547628415293,0.01546,2020.17757934426,2020.17759562841,287600000,hCoV-19/Belgium/MJP-030684/2020|EPI_ISL_420340|2020-03-06|Europe,Liège,Liège,4550,4841
1275,2989,2993,0.000372922245999996,646258.996885376,738504.567700695,646183.5860496,738351.865612888,0.000372922245999996,0,2020.52420642201,2020.52457934426,287600000,NA,Liège,Liège,4032,4032
1276,2989,2990,0.00857292224599999,646258.996885376,738504.567700695,646197.714351493,740378.426541802,0.00857292224599999,0,2020.52420642201,2020.53277934426,287600000,NA,Liège,Liège,4032,4610
1279,2991,2992,0.01093,646484.425267452,740341.293211923,643434.359292067,736156.939885211,0.035892922246,0.024962922246,2020.54916934426,2020.56009934426,287600000,NA,Liège,Liège,4610,4031
1280,2992,2984,9.94535513700046e-06,643434.359292067,736156.939885211,643546.075781912,735862.023198597,0.035902867601137,0.035892922246,2020.56009934426,2020.56010928962,287600000,hCoV-19/Belgium/ULG-10310/2020|EPI_ISL_540477|2020-07-24|Europe,Liège,Liège,4031,4031
1281,2992,2985,0.05738699454,643434.359292067,736156.939885211,644561.677848329,736889.871569284,0.093279916786,0.035892922246,2020.56009934426,2020.6174863388,287600000,hCoV-19/Belgium/ULG-10428/2020|EPI_ISL_581586|2020-08-14|Europe,Liège,Liège,4031,4031
1283,2993,2986,1.08196720400022e-05,646183.5860496,738351.865612888,646221.761458002,738409.630254046,0.000383741918039998,0.000372922245999996,2020.52457934426,2020.52459016393,287600000,hCoV-19/Belgium/ULG-10264/2020|EPI_ISL_515071|2020-07-11|Europe,Liège,Liège,4032,4032
1284,2994,2988,0.008206666667,645802.236405315,731756.945671167,647879.63118152,731878.086827371,0.044099588913,0.035892922246,2020.56009934426,2020.56830601093,287600000,hCoV-19/Belgium/ULG-10320/2020|EPI_ISL_540487|2020-07-27|Europe,Liège,Liège,4420,4420
1285,2994,2987,9.94535513700046e-06,645802.236405315,731756.945671167,645832.363666491,731773.949387828,0.035902867601137,0.035892922246,2020.56009934426,2020.56010928962,287600000,hCoV-19/Belgium/ULG-10306/2020|EPI_ISL_540473|2020-07-24|Europe,Liège,Liège,4420,4420
1287,3205,3206,0.02301,648345.980402512,741270.859770877,647951.574816999,739661.419767975,0.02301,0,2020.63590934426,2020.65891934426,287600000,NA,Liège,Liège,4610,4020
1288,3206,3202,0.01594404372,647951.574816999,739661.419767975,644210.580578037,740722.640421192,0.03895404372,0.02301,2020.65891934426,2020.67486338798,287600000,hCoV-19/Belgium/ULG-10608/2020|EPI_ISL_626250|2020-09-04|Europe,Liège,Liège,4020,4051
1289,3206,3207,0.00225,647951.574816999,739661.419767975,648353.11388653,740373.533759159,0.02526,0.02301,2020.65891934426,2020.66116934426,287600000,NA,Liège,Liège,4020,4020
1290,3207,3203,3.28415299400003e-05,648353.11388653,740373.533759159,652569.358937177,740596.802128239,0.02529284152994,0.02526,2020.66116934426,2020.66120218579,287600000,hCoV-19/Belgium/ULG-10600/2020|EPI_ISL_626237|2020-08-30|Europe,Liège,Liège,4020,4020
