node1,node2,length,startLat,startLon,endLat,endLon,endNodeL,startNodeL,startYear,endYear,treeID,tipLabel,startProvince,endProvince,startCommune,endCommune
44,42,0.06147877138,645273.83699839,760513.998494425,648119.692039043,747797.47230533,0.12478420765,0.06330543627,2020.13797478053,2020.19945355191,253200000,hCoV-19/Belgium/ULG-6688/2020|EPI_ISL_418625|2020-03-14|Europe,Liège,Liège,4830,4633
44,45,0.02047456373,645273.83699839,760513.998494425,645415.185651098,760636.20652602,0.08378,0.06330543627,2020.13797478053,2020.15844934426,253200000,NA,Liège,Liège,4830,4830
45,47,0.0018,645415.185651098,760636.20652602,646528.561943021,761355.411003211,0.08558,0.08378,2020.15844934426,2020.16024934426,253200000,NA,Liège,Liège,4830,4830
47,48,0.0018,646528.561943021,761355.411003211,646528.561943021,761355.411003211,0.08738,0.08558,2020.16024934426,2020.16204934426,253200000,NA,Liège,Liège,4830,4830
48,49,0.00167,646528.561943021,761355.411003211,646507.114613144,761401.367314698,0.08905,0.08738,2020.16204934426,2020.16371934426,253200000,NA,Liège,Liège,4830,4830
48,51,0.01998,646528.561943021,761355.411003211,645843.118237383,752826.318836208,0.10736,0.08738,2020.16204934426,2020.18202934426,253200000,NA,Liège,Liège,4830,4800
49,10,0.000215081967299996,646507.114613144,761401.367314698,643479.314212621,766647.380294589,0.0892650819673,0.08905,2020.16371934426,2020.16393442623,253200000,hCoV-19/Belgium/CG-030158/2020|EPI_ISL_418987|2020-03-01|Europe,Liège,Liège,4830,4837
49,50,0.01114,646507.114613144,761401.367314698,646494.260788459,761886.622504551,0.10019,0.08905,2020.16371934426,2020.17485934426,253200000,NA,Liège,Liège,4830,4830
50,12,0.00273628415299998,646494.260788459,761886.622504551,651938.548833382,760821.899221626,0.102926284153,0.10019,2020.17485934426,2020.17759562841,253200000,hCoV-19/Belgium/MJP-0306100/2020|EPI_ISL_420356|2020-03-06|Europe,Liège,Liège,4830,4841
50,11,4.04371579998397e-06,646494.260788459,761886.622504551,646493.909925834,761897.869017124,0.1001940437158,0.10019,2020.17485934426,2020.17486338798,253200000,hCoV-19/Belgium/SJ-030583/2020|EPI_ISL_420339|2020-03-05|Europe,Liège,Liège,4830,4830
51,52,0.01366,645843.118237383,752826.318836208,645941.817284701,752276.770650767,0.12102,0.10736,2020.18202934426,2020.19568934426,253200000,NA,Liège,Liège,4800,4650
51,62,0.00184999999999999,645843.118237383,752826.318836208,645957.145698514,752164.523598893,0.10921,0.10736,2020.18202934426,2020.18387934426,253200000,NA,Liège,Liège,4800,4650
52,53,0.03044,645941.817284701,752276.770650767,645968.25659215,752290.156598781,0.15146,0.12102,2020.19568934426,2020.22612934426,253200000,NA,Liège,Liège,4650,4650
52,54,0.00184999999999999,645941.817284701,752276.770650767,645957.145698514,752164.523598893,0.12287,0.12102,2020.19568934426,2020.19753934426,253200000,NA,Liège,Liège,4650,4650
53,14,0.01704005464,645968.25659215,752290.156598781,642112.665728738,755868.819934431,0.16850005464,0.15146,2020.22612934426,2020.2431693989,253200000,hCoV-19/Belgium/ULG-10028/2020|EPI_ISL_421202|2020-03-30|Europe,Liège,Liège,4650,4802
53,13,0.01977229508,645968.25659215,752290.156598781,639980.801228331,731901.453843815,0.17123229508,0.15146,2020.22612934426,2020.24590163934,253200000,hCoV-19/Belgium/ULG-10032/2020|EPI_ISL_421206|2020-03-31|Europe,Liège,Liège,4650,4100
54,56,0.00820000000000001,645957.145698514,752164.523598893,646006.33609535,751944.829344969,0.13107,0.12287,2020.19753934426,2020.20573934426,253200000,NA,Liège,Liège,4650,4650
56,17,0.00191092896200001,646006.33609535,751944.829344969,616309.819162005,784318.780073457,0.132980928962,0.13107,2020.20573934426,2020.20765027322,253200000,hCoV-19/Belgium/ULG-7626/2020|EPI_ISL_418633|2020-03-17|Europe,Liège,Liège,4650,4770
56,57,0.02205,646006.33609535,751944.829344969,645994.707338529,752073.684067404,0.15312,0.13107,2020.20573934426,2020.22778934426,253200000,NA,Liège,Liège,4650,4650
57,18,0.03177349727,645994.707338529,752073.684067404,629899.724958203,753687.389572072,0.18489349727,0.15312,2020.22778934426,2020.25956284153,253200000,hCoV-19/Belgium/ULG-10052/2020|EPI_ISL_424657|2020-04-05|Europe,Liège,Liège,4650,4900
57,58,0.00164592136399999,645994.707338529,752073.684067404,645888.7859433,752641.615632748,0.154765921364,0.15312,2020.22778934426,2020.22943526562,253200000,NA,Liège,Liège,4650,4800
58,59,0.0003540786357,645888.7859433,752641.615632748,645891.379447444,752610.392376295,0.1551199999997,0.154765921364,2020.22943526562,2020.22978934426,253200000,NA,Liège,Liège,4800,4800
58,19,0.06837894202,645888.7859433,752641.615632748,646055.551655708,752851.900523507,0.223144863384,0.154765921364,2020.22943526562,2020.29781420764,253200000,hCoV-19/Belgium/ULG-10165/2020|EPI_ISL_447159|2020-04-19|Europe,Liège,Liège,4800,4800
59,20,0.03523797814,645891.379447444,752610.392376295,652017.218647944,739772.244642659,0.1903579781397,0.1551199999997,2020.22978934426,2020.2650273224,253200000,hCoV-19/Belgium/ULG-10132/2020|EPI_ISL_427377|2020-04-07|Europe,Liège,Liège,4800,4040
59,60,0.00462000000000001,645891.379447444,752610.392376295,646065.339326979,752315.687490178,0.1597399999997,0.1551199999997,2020.22978934426,2020.23440934426,253200000,NA,Liège,Liège,4800,4800
60,21,0.03061797814,646065.339326979,752315.687490178,650522.756497308,732809.047279166,0.1903579781397,0.1597399999997,2020.23440934426,2020.2650273224,253200000,hCoV-19/Belgium/ULG-10120/2020|EPI_ISL_427368|2020-04-07|Europe,Liège,Liège,4800,4430
60,61,0.06302,646065.339326979,752315.687490178,643976.53973265,754903.754273111,0.2227599999997,0.1597399999997,2020.23440934426,2020.29742934426,253200000,NA,Liège,Liège,4800,4800
61,23,0.0003848633878,643976.53973265,754903.754273111,643959.049850983,754891.481382912,0.2231448633875,0.2227599999997,2020.29742934426,2020.29781420765,253200000,hCoV-19/Belgium/ULG-10166/2020|EPI_ISL_447160|2020-04-19|Europe,Liège,Liège,4800,4800
61,22,0.06049415301,643976.53973265,754903.754273111,638372.420047356,748648.305347315,0.2832541530097,0.2227599999997,2020.29742934426,2020.35792349727,253200000,hCoV-19/Belgium/ULG-10187/2020|EPI_ISL_455975|2020-05-11|Europe,Liège,Liège,4800,4860
62,64,0.01234,645957.145698514,752164.523598893,646359.976939891,754834.412717564,0.12155,0.10921,2020.18387934426,2020.19621934426,253200000,NA,Liège,Liège,4650,4820
64,66,0.02723322191,646359.976939891,754834.412717564,646306.849844275,754772.703035064,0.14878322191,0.12155,2020.19621934426,2020.22345256617,253200000,NA,Liège,Liège,4820,4820
66,67,0.01886677809,646306.849844275,754772.703035064,646357.377859613,754811.722553626,0.16765,0.14878322191,2020.22345256617,2020.24231934426,253200000,NA,Liège,Liège,4820,4820
66,77,0.000576778090700003,646306.849844275,754772.703035064,629389.257471268,780408.45812985,0.1493600000007,0.14878322191,2020.22345256617,2020.22402934426,253200000,NA,Liège,Liège,4820,4750
67,28,0.06642382514,646357.377859613,754811.722553626,646296.926581069,770458.710420444,0.23407382514,0.16765,2020.24231934426,2020.3087431694,253200000,hCoV-19/Belgium/rega-0423298/2020|EPI_ISL_462152|2020-04-23|Europe,Liège,Liège,4820,4700
69,30,0.00227125683000001,656757.872561813,766234.413428151,657927.063427382,766429.439593586,0.18216125683,0.17989,2020.25455934426,2020.25683060109,253200000,hCoV-19/Belgium/ULG-10088/2020|EPI_ISL_424646|2020-04-04|Europe,Liège,Liège,4728,4720
69,70,0.00225,656757.872561813,766234.413428151,656988.1246838,765416.43148919,0.18214,0.17989,2020.25455934426,2020.25680934426,253200000,NA,Liège,Liège,4728,4720
70,31,2.12568304900074e-05,656988.1246838,765416.43148919,656989.733276588,765408.717953456,0.18216125683049,0.18214,2020.25680934426,2020.25683060109,253200000,hCoV-19/Belgium/ULG-10089/2020|EPI_ISL_424643|2020-04-04|Europe,Liège,Liège,4720,4720
70,71,0.00273000000000001,656988.1246838,765416.43148919,615937.265948938,786383.573418648,0.18487,0.18214,2020.25680934426,2020.25953934426,253200000,NA,Liège,Liège,4720,4760
71,72,0.0304,615937.265948938,786383.573418648,658745.194086803,766178.694453205,0.21527,0.18487,2020.25953934426,2020.28993934426,253200000,NA,Liège,Liège,4760,4720
71,32,2.34972676199929e-05,615937.265948938,786383.573418648,615930.806896374,786406.19476851,0.18489349726762,0.18487,2020.25953934426,2020.25956284153,253200000,hCoV-19/Belgium/ULG-10095/2020|EPI_ISL_424651|2020-04-05|Europe,Liège,Liège,4760,4760
72,73,0.00237999999999999,658745.194086803,766178.694453205,658366.907993839,766893.705392749,0.21765,0.21527,2020.28993934426,2020.29231934426,253200000,NA,Liège,Liège,4720,4721
72,33,0.01880382514,658745.194086803,766178.694453205,658783.295988931,766118.214824313,0.23407382514,0.21527,2020.28993934426,2020.3087431694,253200000,hCoV-19/Belgium/rega-0423301/2020|EPI_ISL_462155|2020-04-23|Europe,Liège,Liège,4720,4720
73,34,3.03825135899993e-05,658366.907993839,766893.705392749,646449.190925206,771617.018533861,0.21768038251359,0.21765,2020.29231934426,2020.29234972677,253200000,hCoV-19/Belgium/ULG-10146/2020|EPI_ISL_447138|2020-04-17|Europe,Liège,Liège,4721,4700
73,74,0.0115,658366.907993839,766893.705392749,658442.146738224,766425.39489139,0.22915,0.21765,2020.29231934426,2020.30381934426,253200000,NA,Liège,Liège,4721,4720
74,35,0.00492382513699999,658442.146738224,766425.39489139,616954.073209157,791301.149303881,0.234073825137,0.22915,2020.30381934426,2020.3087431694,253200000,hCoV-19/Belgium/rega-0423299/2020|EPI_ISL_462153|2020-04-23|Europe,Liège,Liège,4720,4760
74,75,0.00247,658442.146738224,766425.39489139,658306.71134689,766473.63481305,0.23162,0.22915,2020.30381934426,2020.30628934426,253200000,NA,Liège,Liège,4720,4720
75,76,0.00242000000000001,658306.71134689,766473.63481305,643561.852820199,764030.783676838,0.23404,0.23162,2020.30628934426,2020.30870934426,253200000,NA,Liège,Liège,4720,4837
75,36,0.00245382513699999,658306.71134689,766473.63481305,658331.449427034,766471.76951194,0.234073825137,0.23162,2020.30628934426,2020.3087431694,253200000,hCoV-19/Belgium/rega-0423300/2020|EPI_ISL_462154|2020-04-23|Europe,Liège,Liège,4720,4720
76,38,3.38251365699926e-05,643561.852820199,764030.783676838,657756.666499265,766398.224798955,0.23407382513657,0.23404,2020.30870934426,2020.3087431694,253200000,hCoV-19/Belgium/rega-0423297/2020|EPI_ISL_462151|2020-04-23|Europe,Liège,Liège,4837,4720
76,37,3.38251365699926e-05,643561.852820199,764030.783676838,643573.62792719,764022.906105609,0.23407382513657,0.23404,2020.30870934426,2020.3087431694,253200000,hCoV-19/Belgium/rega-0423303/2020|EPI_ISL_462157|2020-04-23|Europe,Liège,Liège,4837,4837
77,39,1.43715847500114e-05,629389.257471268,780408.45812985,629383.608723973,780412.343117795,0.14937437158545,0.1493600000007,2020.22402934426,2020.22404371585,253200000,hCoV-19/Belgium/ULG-0184/2020|EPI_ISL_447127|2020-03-23|Europe,Liège,Liège,4750,4750
77,78,0.04295,629389.257471268,780408.45812985,650478.969474674,766227.837185093,0.1923100000007,0.1493600000007,2020.22402934426,2020.26697934426,253200000,NA,Liège,Liège,4750,4711
78,40,0.02537038251,650478.969474674,766227.837185093,646676.26063107,769230.677102087,0.2176803825107,0.1923100000007,2020.26697934426,2020.29234972677,253200000,hCoV-19/Belgium/ULG-10145/2020|EPI_ISL_447137|2020-04-17|Europe,Liège,Liège,4711,4700
78,41,0.04176382514,650478.969474674,766227.837185093,649933.948628905,766982.711637929,0.2340738251407,0.1923100000007,2020.26697934426,2020.3087431694,253200000,hCoV-19/Belgium/rega-0423302/2020|EPI_ISL_462156|2020-04-23|Europe,Liège,Liège,4711,4700
159,186,0.000502187075399979,646490.915150393,737970.523136284,646510.578412461,737894.06120964,0.0153823681541,0.0148801810787,2020.16238715714,2020.16288934422,253200000,NA,Liège,Liège,4030,4030
159,160,0.01093108566,646490.915150393,737970.523136284,646538.094991238,737890.161549959,0.0258112667387,0.0148801810787,2020.16238715714,2020.1733182428,253200000,NA,Liège,Liège,4030,4030
160,161,0.000371101413800007,646538.094991238,737890.161549959,646546.399021338,737863.751968179,0.0261823681525,0.0258112667387,2020.1733182428,2020.17368934422,253200000,NA,Liège,Liège,4030,4030
160,163,0.000371101413800007,646538.094991238,737890.161549959,646546.399021338,737863.751968179,0.0261823681525,0.0258112667387,2020.1733182428,2020.17368934422,253200000,NA,Liège,Liège,4030,4030
161,104,0.07221229508,646546.399021338,737863.751968179,646132.810102175,738277.032547647,0.0983946632325,0.0261823681525,2020.17368934422,2020.2459016393,253200000,hCoV-19/Belgium/ULG-10022/2020|EPI_ISL_421197|2020-03-31|Europe,Liège,Liège,4030,4032
163,164,0.005785979926,646546.399021338,737863.751968179,646586.75366448,737723.166436777,0.0319683480785,0.0261823681525,2020.17368934422,2020.17947532414,253200000,NA,Liège,Liège,4030,4030
164,107,0.000852544663600019,646586.75366448,737723.166436777,655785.576024882,739659.33861325,0.0328208927421,0.0319683480785,2020.17947532414,2020.18032786881,253200000,hCoV-19/Belgium/ULG-3662/2020|EPI_ISL_417008|2020-03-07|Europe,Liège,Liège,4030,4680
164,165,0.000844020073500013,646586.75366448,737723.166436777,646601.166964855,737700.311406114,0.032812368152,0.0319683480785,2020.17947532414,2020.18031934422,253200000,NA,Liège,Liège,4030,4030
165,109,8.52459005198924e-06,646601.166964855,737700.311406114,646603.856600014,737700.058414703,0.032820892742052,0.032812368152,2020.18031934422,2020.18032786881,253200000,hCoV-19/Belgium/ULG-3683/2020|EPI_ISL_417011|2020-03-07|Europe,Liège,Liège,4030,4030
165,108,8.52459005198924e-06,646601.166964855,737700.311406114,655932.466000544,737308.37033504,0.032820892742052,0.032812368152,2020.18031934422,2020.18032786881,253200000,hCoV-19/Belgium/ULG-3665/2020|EPI_ISL_417009|2020-03-07|Europe,Liège,Liège,4030,4680
202,203,0.000409999999999994,632240.908815101,735993.158623751,632285.667376362,736024.375049055,0.000409999999999994,0,2020.57898934424,2020.57939934424,253200000,NA,Liège,Liège,4171,4171
203,198,0.1364476503,632285.667376362,736024.375049055,633513.690243115,737086.28018676,0.1368576503,0.000409999999999994,2020.57939934424,2020.71584699454,253200000,hCoV-19/Belgium/ULG-10751/2020|EPI_ISL_641593|2020-09-19|Europe,Liège,Liège,4171,4140
203,204,0.00803000000000001,632285.667376362,736024.375049055,631666.526969402,738341.700297519,0.00844,0.000409999999999994,2020.57939934424,2020.58742934424,253200000,NA,Liège,Liège,4171,4140
204,205,0.0278,631666.526969402,738341.700297519,631122.220264503,739905.336738121,0.03624,0.00844,2020.58742934424,2020.61522934424,253200000,NA,Liège,Liège,4140,4140
205,200,0.002256994535,631122.220264503,739905.336738121,632368.981563604,744233.438503704,0.038496994535,0.03624,2020.61522934424,2020.61748633878,253200000,hCoV-19/Belgium/ULG-10423/2020|EPI_ISL_581584|2020-08-14|Europe,Liège,Liège,4140,4140
205,201,0.002256994535,631122.220264503,739905.336738121,631525.785674833,738680.024953202,0.038496994535,0.03624,2020.61522934424,2020.61748633878,253200000,hCoV-19/Belgium/ULG-10424/2020|EPI_ISL_581583|2020-08-14|Europe,Liège,Liège,4140,4140
251,270,0.000745681084199978,635549.908974554,726147.851896945,635602.960081002,725953.131384759,0.000745681084199978,0,2020.15731945442,2020.15806513551,253200000,NA,Liège,Liège,4550,4550
251,252,0.0007598898608,635549.908974554,726147.851896945,635530.27846016,726178.552078749,0.0007598898608,0,2020.15731945442,2020.15807934428,253200000,NA,Liège,Liège,4550,4550
252,253,0.10967,635530.27846016,726178.552078749,637363.497307081,728302.837734203,0.1104298898608,0.0007598898608,2020.15807934428,2020.26774934428,253200000,NA,Liège,Liège,4550,4121
252,254,0.00696751472599999,635530.27846016,726178.552078749,635539.387632729,726265.558414623,0.00772740458679999,0.0007598898608,2020.15807934428,2020.16504685901,253200000,NA,Liège,Liège,4550,4550
253,213,1.02185792300036e-05,637363.497307081,728302.837734203,644941.349307189,756717.790564102,0.11044010844003,0.1104298898608,2020.26774934428,2020.26775956286,253200000,hCoV-19/Belgium/ULG-10139/2020|EPI_ISL_427384|2020-04-08|Europe,Liège,Liège,4121,4821
253,214,1.02185792300036e-05,637363.497307081,728302.837734203,637348.056987467,728311.149762409,0.11044010844003,0.1104298898608,2020.26774934428,2020.26775956286,253200000,hCoV-19/Belgium/ULG-10138/2020|EPI_ISL_427383|2020-04-08,Liège,Liège,4121,4121
254,255,0.000172485273999989,635539.387632729,726265.558414623,635540.408147058,726257.71519413,0.00789988986079998,0.00772740458679999,2020.16504685901,2020.16521934428,253200000,NA,Liège,Liège,4550,4550
254,256,0.000172485273999989,635539.387632729,726265.558414623,635540.408147058,726257.71519413,0.00789988986079998,0.00772740458679999,2020.16504685901,2020.16521934428,253200000,NA,Liège,Liège,4550,4550
255,215,0.00964404371600003,635540.408147058,726257.71519413,635256.281486591,726669.860481976,0.0175439335768,0.00789988986079998,2020.16521934428,2020.174863388,253200000,hCoV-19/Belgium/ULG-3162/2020|EPI_ISL_417005|2020-03-05,Liège,Liège,4550,4120
255,216,0.09980797814,635540.408147058,726257.71519413,626328.309441684,749289.500315144,0.1077078680008,0.00789988986079998,2020.16521934428,2020.26502732242,253200000,hCoV-19/Belgium/ULG-10121/2020|EPI_ISL_427369|2020-04-07|Europe,Liège,Liège,4550,4920
256,262,0.00583,635540.408147058,726257.71519413,653720.72124015,708799.672600218,0.0137298898608,0.00789988986079998,2020.16521934428,2020.17104934428,253200000,NA,Liège,Liège,4550,4257
259,218,0.03328229508,643709.153035084,733747.780303424,643960.718802686,732651.580478291,0.0885821849368,0.0552998898568,2020.21261934428,2020.24590163936,253200000,hCoV-19/Belgium/ULG-10041/2020|EPI_ISL_427347|2020-03-31|Europe,Liège,Liège,4102,4102
259,260,0.03327,643709.153035084,733747.780303424,644792.652289743,742472.398146981,0.0885698898568,0.0552998898568,2020.21261934428,2020.24588934428,253200000,NA,Liège,Liège,4102,4623
260,220,1.22950819900214e-05,644792.652289743,742472.398146981,651956.927472715,762674.848939911,0.08858218493879,0.0885698898568,2020.24588934428,2020.24590163936,253200000,hCoV-19/Belgium/ULG-10004/2020|EPI_ISL_421184|2020-03-31|Europe,Liège,Liège,4623,4840
260,219,0.01913797814,644792.652289743,742472.398146981,644629.381465632,742947.210973263,0.1077078679968,0.0885698898568,2020.24588934428,2020.26502732242,253200000,hCoV-19/Belgium/ULG-10125/2020|EPI_ISL_427390|2020-04-07|Europe,Liège,Liège,4623,4623
262,263,0.00190000000000001,653720.72124015,708799.672600218,653587.662076408,708722.029331662,0.0156298898608,0.0137298898608,2020.17104934428,2020.17294934428,253200000,NA,Liège,Liège,4257,4257
263,265,0.00190000000000001,653587.662076408,708722.029331662,653587.662076408,708722.029331662,0.0175298898608,0.0156298898608,2020.17294934428,2020.17484934428,253200000,NA,Liège,Liège,4257,4257
263,264,0.00190000000000001,653587.662076408,708722.029331662,653587.662076408,708722.029331662,0.0175298898608,0.0156298898608,2020.17294934428,2020.17484934428,253200000,NA,Liège,Liège,4257,4257
264,225,1.4043715799994e-05,653587.662076408,708722.029331662,647897.629285267,753547.553714908,0.0175439335766,0.0175298898608,2020.17484934428,2020.174863388,253200000,hCoV-19/Belgium/GS-030549/2020|EPI_ISL_418798|2020-03-05|Europe,Liège,Liège,4257,4650
264,224,1.4043715799994e-05,653587.662076408,708722.029331662,653586.838460594,708724.50496763,0.0175439335766,0.0175298898608,2020.17484934428,2020.174863388,253200000,hCoV-19/Belgium/GOF-030578/2020|EPI_ISL_420334|2020-03-05|Europe,Liège,Liège,4257,4257
265,226,1.4043715799994e-05,653587.662076408,708722.029331662,648034.618587523,754696.324714976,0.0175439335766,0.0175298898608,2020.17484934428,2020.174863388,253200000,hCoV-19/Belgium/ULG-3163/2020|EPI_ISL_417006|2020-03-05|Europe,Liège,Liège,4257,4650
265,266,0.03085,653587.662076408,708722.029331662,648996.931238999,737960.014049029,0.0483798898608,0.0175298898608,2020.17484934428,2020.20569934428,253200000,NA,Liège,Liège,4257,4020
266,268,0.03264,648996.931238999,737960.014049029,649028.786730955,738008.314242777,0.0810198898608,0.0483798898608,2020.20569934428,2020.23833934428,253200000,NA,Liège,Liège,4020,4020
266,267,0.00172,648996.931238999,737960.014049029,649132.366989141,736790.094840403,0.0500998898608,0.0483798898608,2020.20569934428,2020.20741934428,253200000,NA,Liège,Liège,4020,4020
267,228,0.000230928961799992,649132.366989141,736790.094840403,649132.752204514,736791.440237636,0.0503308188226,0.0500998898608,2020.20741934428,2020.20765027325,253200000,hCoV-19/Belgium/WVM-0317325/2020|EPI_ISL_462179|2020-03-17|Europe,Liège,Liège,4020,4020
268,229,0.01575901639,649028.786730955,738008.314242777,643108.226570906,733065.779875465,0.0967789062508,0.0810198898608,2020.23833934428,2020.25409836067,253200000,hCoV-19/Belgium/ULG-10079/2020|EPI_ISL_424639|2020-04-03|Europe,Liège,Liège,4020,4102
270,271,0.03247420878,635602.960081002,725953.131384759,646960.298737616,736033.951573761,0.0332198898642,0.000745681084199978,2020.15806513551,2020.19053934429,253200000,NA,Liège,Liège,4550,4020
270,287,1.42087765900301e-05,635602.960081002,725953.131384759,635600.035369721,725952.288821553,0.000759889860790008,0.000745681084199978,2020.15806513551,2020.15807934428,253200000,NA,Liège,Liège,4550,4550
271,272,0.01619854176,646960.298737616,736033.951573761,646933.275820482,736169.160769295,0.0494184316242,0.0332198898642,2020.19053934429,2020.20673788605,253200000,NA,Liège,Liège,4020,4020
272,273,1.14582410399855e-05,646933.275820482,736169.160769295,646932.135124173,736170.003717237,0.04942988986524,0.0494184316242,2020.20673788605,2020.20674934429,253200000,NA,Liège,Liège,4020,4020
272,274,0.00636145824099998,646933.275820482,736169.160769295,647638.643322682,743570.739309151,0.0557798898652,0.0494184316242,2020.20673788605,2020.21309934429,253200000,NA,Liège,Liège,4020,4621
273,232,0.1457096721,646932.135124173,736170.003717237,646462.09037358,737179.203893568,0.19513956196524,0.04942988986524,2020.20674934429,2020.35245901639,253200000,hCoV-19/Belgium/ULG-10183/2020|EPI_ISL_455971|2020-05-09|Europe,Liège,Liège,4020,4030
274,235,0.04099901639,647638.643322682,743570.739309151,630221.359904181,737851.883201708,0.0967789062552,0.0557798898652,2020.21309934429,2020.25409836068,253200000,hCoV-19/Belgium/ULG-10065/2020|EPI_ISL_424635|2020-04-03,Liège,Liège,4621,4170
274,234,1.54098360199972e-05,647638.643322682,743570.739309151,647642.555138457,743565.123850164,0.05579529970122,0.0557798898652,2020.21309934429,2020.21311475412,253200000,hCoV-19/Belgium/ULG-8808/2020|EPI_ISL_418644|2020-03-19|Europe,Liège,Liège,4621,4621
287,250,0.06869661202,635600.035369721,725952.288821553,646388.458927152,761847.196626474,0.06945650188079,0.000759889860790008,2020.15807934428,2020.2267759563,253200000,hCoV-19/Belgium/ULG-0532/2020|EPI_ISL_447132|2020-03-24|Europe,Liège,Liège,4550,4830
297,288,6.44808751600057e-06,638754.273141738,741972.808115691,638756.158452148,741954.600437925,6.44808751600057e-06,0,2020.20217934426,2020.20218579235,253200000,hCoV-19/Belgium/ULG-6939/2020|EPI_ISL_417020|2020-03-15|Europe,Liège,Liège,4052,4052
297,298,0.00906,638754.273141738,741972.808115691,639001.175308314,741714.371191684,0.00906,0,2020.20217934426,2020.21123934426,253200000,NA,Liège,Liège,4052,4052
298,301,0.00187,639001.175308314,741714.371191684,646867.549225647,735137.25102934,0.01093,0.00906,2020.21123934426,2020.21310934426,253200000,NA,Liège,Liège,4052,4000
298,299,0.0054,639001.175308314,741714.371191684,638912.020954091,742105.924675227,0.01446,0.00906,2020.21123934426,2020.21663934426,253200000,NA,Liège,Liège,4052,4052
299,300,0.00132898136700001,638912.020954091,742105.924675227,643091.670964565,733378.302660778,0.015788981367,0.01446,2020.21663934426,2020.21796832563,253200000,NA,Liège,Liège,4052,4102
299,289,0.02653005464,638912.020954091,742105.924675227,630169.850829094,759229.504888721,0.04099005464,0.01446,2020.21663934426,2020.2431693989,253200000,hCoV-19/Belgium/ULG-10016/2020|EPI_ISL_421194|2020-03-30|Europe,Liège,Liège,4052,4900
300,290,0.00061090934279999,643091.670964565,733378.302660778,643118.103559974,733471.614761741,0.0163998907098,0.015788981367,2020.21796832563,2020.21857923497,253200000,hCoV-19/Belgium/ULG-9572/2020|EPI_ISL_418646|2020-03-21|Europe,Liège,Liège,4102,4102
300,291,0.00334314978,643091.670964565,733378.302660778,640068.83718707,733545.235128879,0.019132131147,0.015788981367,2020.21796832563,2020.22131147541,253200000,hCoV-19/Belgium/ULG-9751/2020|EPI_ISL_418666|2020-03-22|Europe,Liège,Liège,4102,4100
301,292,5.40983602100031e-06,646867.549225647,735137.25102934,646847.856599952,735132.906391621,0.010935409836021,0.01093,2020.21310934426,2020.2131147541,253200000,hCoV-19/Belgium/ULG-8541/2020|EPI_ISL_418636|2020-03-19|Europe,Liège,Liège,4000,4000
301,302,0.01784,646867.549225647,735137.25102934,651290.864156145,728411.091920648,0.02877,0.01093,2020.21310934426,2020.23094934426,253200000,NA,Liège,Liège,4000,4340
302,303,0.009781017819,651290.864156145,728411.091920648,652921.550517885,725851.74656955,0.038551017819,0.02877,2020.23094934426,2020.24073036208,253200000,NA,Liège,Liège,4340,4340
302,293,0.06413262295,651290.864156145,728411.091920648,632220.393360455,726850.544690341,0.09290262295,0.02877,2020.23094934426,2020.29508196721,253200000,hCoV-19/Belgium/ULG-10153/2020|EPI_ISL_447149|2020-04-18|Europe,Liège,Liège,4340,4163
303,294,0.002439036826,652921.550517885,725851.74656955,653251.923940317,726618.580781785,0.040990054645,0.038551017819,2020.24073036208,2020.24316939891,253200000,hCoV-19/Belgium/ULG-10036/2020|EPI_ISL_427344|2020-03-30|Europe,Liège,Liège,4340,4342
303,304,0.000218982181199999,652921.550517885,725851.74656955,652809.073861369,725945.984598967,0.0387700000002,0.038551017819,2020.24073036208,2020.24094934426,253200000,NA,Liège,Liège,4340,4340
304,296,0.01314901639,652809.073861369,725945.984598967,652477.857699623,725389.049283393,0.0519190163902,0.0387700000002,2020.24094934426,2020.25409836065,253200000,hCoV-19/Belgium/ULG-10078/2020|EPI_ISL_424637|2020-04-03|Europe,Liège,Liège,4340,4340
346,339,0.02496721311,630611.852481509,737731.075590712,631271.485946549,737047.800284112,0.02496721311,0,2020.45863934428,2020.48360655739,253200000,hCoV-19/Belgium/ULG-10238/2020|EPI_ISL_498144|2020-06-26|Europe,Liège,Liège,4170,4140
355,352,0.02206897419,644379.750789135,728373.336353796,644916.608071857,722263.045275548,0.02206897419,0,2020.46153758319,2020.48360655738,253200000,hCoV-19/Belgium/ULG-10239/2020|EPI_ISL_498145|2020-06-26,Liège,Liège,4400,4400
355,356,0.0001917610788,644379.750789135,728373.336353796,644362.836719234,728679.5558926,0.0001917610788,0,2020.46153758319,2020.46172934427,253200000,NA,Liège,Liège,4400,4400
356,353,1.92896174599985e-05,644362.836719234,728679.5558926,644427.210443319,728505.917720318,0.000211050696259998,0.0001917610788,2020.46172934427,2020.46174863389,253200000,hCoV-19/Belgium/ULG-10234/2020|EPI_ISL_498140|2020-06-18|Europe,Liège,Liège,4400,4400
356,354,0.02187721311,644362.836719234,728679.5558926,653562.178505102,737013.277493257,0.0220689741888,0.0001917610788,2020.46172934427,2020.48360655738,253200000,hCoV-19/Belgium/ULG-10236/2020|EPI_ISL_498142|2020-06-26|Europe,Liège,Liège,4400,4041
362,363,0.04035,648503.199465866,746674.402606039,648283.579329565,744350.835188961,0.04035,0,2020.6481493443,2020.6884993443,253200000,NA,Liège,Liège,4633,4621
362,364,0.00117999999999999,648503.199465866,746674.402606039,648502.43558968,746680.425507557,0.00117999999999999,0,2020.6481493443,2020.6493293443,253200000,NA,Liège,Liège,4633,4633
363,357,0.1202438251,648283.579329565,744350.835188961,648380.84300872,744553.214277611,0.1605938251,0.04035,2020.6884993443,2020.8087431694,253200000,hCoV-19/Belgium/ULG-10571/2020|EPI_ISL_626281|2020-10-23|Europe,Liège,Liège,4621,4631
363,358,0.02734765027,648283.579329565,744350.835188961,641408.923391206,756903.581601233,0.06769765027,0.04035,2020.6884993443,2020.71584699457,253200000,hCoV-19/Belgium/ULG-10744/2020|EPI_ISL_641586|2020-09-19|Europe,Liège,Liège,4621,4802
364,359,0.02006956284,648502.43558968,746680.425507557,648570.775002974,745487.451608479,0.02124956284,0.00117999999999999,2020.6493293443,2020.66939890714,253200000,hCoV-19/Belgium/ULG-10605/2020|EPI_ISL_626244|2020-09-02|Europe,Liège,Liège,4633,4632
372,366,0.05790054645,645437.884891511,739800.940704816,646428.030343657,739285.663104084,0.05790054645,0,2020.75903934426,2020.81693989071,253200000,hCoV-19/Belgium/ULG-10680/2020|EPI_ISL_636652|2020-10-26|Europe,Liège,Liège,4051,4032
372,373,0.02067,645437.884891511,739800.940704816,645617.936505182,736508.834949962,0.02067,0,2020.75903934426,2020.77970934426,253200000,NA,Liège,Liège,4051,4031
373,367,0.02903382514,645617.936505182,736508.834949962,638244.386449719,726839.963257343,0.04970382514,0.02067,2020.77970934426,2020.8087431694,253200000,hCoV-19/Belgium/ULG-10562/2020|EPI_ISL_626323|2020-10-23|Europe,Liège,Liège,4031,4121
373,374,0.0249,645617.936505182,736508.834949962,646338.627958358,734948.693082867,0.04557,0.02067,2020.77970934426,2020.80460934426,253200000,NA,Liège,Liège,4031,4000
374,375,0.000719999999999998,646338.627958358,734948.693082867,646095.692135147,735107.199244591,0.04629,0.04557,2020.80460934426,2020.80532934426,253200000,NA,Liège,Liège,4000,4000
374,368,0.004133825137,646338.627958358,734948.693082867,647488.863398375,755087.753144881,0.049703825137,0.04557,2020.80460934426,2020.8087431694,253200000,hCoV-19/Belgium/ULG-10557/2020|EPI_ISL_626268|2020-10-23|Europe,Liège,Liège,4000,4650
375,376,0.000940000000000003,646095.692135147,735107.199244591,639843.519776222,725845.911110543,0.04723,0.04629,2020.80532934426,2020.80626934426,253200000,NA,Liège,Liège,4000,4400
375,369,0.003413825137,646095.692135147,735107.199244591,646709.817687515,736867.467554731,0.049703825137,0.04629,2020.80532934426,2020.8087431694,253200000,hCoV-19/Belgium/ULG-10515/2020|EPI_ISL_626331|2020-10-23|Europe,Liège,Liège,4000,4030
376,370,0.01067054645,639843.519776222,725845.911110543,637512.16823663,721842.365768338,0.05790054645,0.04723,2020.80626934426,2020.81693989071,253200000,hCoV-19/Belgium/ULG-10714/2020|EPI_ISL_636685|2020-10-26|Europe,Liège,Liège,4400,4480
376,371,0.01067054645,639843.519776222,725845.911110543,640596.815405758,724776.207395001,0.05790054645,0.04723,2020.80626934426,2020.81693989071,253200000,hCoV-19/Belgium/ULG-10709/2020|EPI_ISL_636680|2020-10-26|Europe,Liège,Liège,4400,4480
397,379,0.04973382514,640264.493091274,717489.477910465,640025.659785334,718116.828086642,0.15877382514,0.10904,2020.75900934426,2020.8087431694,253200000,hCoV-19/Belgium/ULG-10579/2020|EPI_ISL_626324|2020-10-23|Europe,Liège,Liège,4540,4540
397,380,0.04973382514,640264.493091274,717489.477910465,638283.904053065,730101.753241842,0.15877382514,0.10904,2020.75900934426,2020.8087431694,253200000,hCoV-19/Belgium/ULG-10561/2020|EPI_ISL_626330|2020-10-23|Europe,Liège,Liège,4540,4100
434,421,0.01022054645,638629.782043861,751661.902605525,635165.577680656,716504.799350777,0.14962054645,0.1394,2020.80671934426,2020.81693989071,253200000,hCoV-19/Belgium/ULG-10678/2020|EPI_ISL_636651|2020-10-26|Europe,Liège,Liège,4910,4500
434,422,0.002023825137,638629.782043861,751661.902605525,638729.567818494,752044.953530989,0.141423825137,0.1394,2020.80671934426,2020.8087431694,253200000,hCoV-19/Belgium/ULG-10541/2020|EPI_ISL_626299|2020-10-23|Europe,Liège,Liège,4910,4910
541,542,0.02628,644395.036867727,733946.589158695,644462.163351772,733802.309766121,0.02688,0.000599999999999989,2020.64757934423,2020.67385934423,253200000,NA,Liège,Liège,4102,4102
541,552,0.0015,644395.036867727,733946.589158695,644403.859500323,733917.026099299,0.00209999999999999,0.000599999999999989,2020.64757934423,2020.64907934423,253200000,NA,Liège,Liège,4102,4102
542,544,0.02166,644462.163351772,733802.309766121,644488.8358703,733941.96129815,0.04854,0.02688,2020.67385934423,2020.69551934423,253200000,NA,Liège,Liège,4102,4102
544,449,0.1214205464,644488.8358703,733941.96129815,636413.454240032,736965.495895413,0.1699605464,0.04854,2020.69551934423,2020.81693989063,253200000,hCoV-19/Belgium/ULG-10656/2020|EPI_ISL_636633|2020-10-26|Europe,Liège,Liège,4102,4130
544,545,0.00219,644488.8358703,733941.96129815,644514.112056203,734003.967714295,0.05073,0.04854,2020.69551934423,2020.69770934423,253200000,NA,Liège,Liège,4102,4102
545,547,0.00223999999999999,644514.112056203,734003.967714295,644517.86516926,733974.815473991,0.05297,0.05073,2020.69770934423,2020.69994934423,253200000,NA,Liège,Liège,4102,4102
545,546,0.10901,644514.112056203,734003.967714295,639096.305287169,710104.877103259,0.15974,0.05073,2020.69770934423,2020.80671934423,253200000,NA,Liège,Liège,4102,4520
546,450,0.01022054645,639096.305287169,710104.877103259,640634.924543891,710144.100585042,0.16996054645,0.15974,2020.80671934423,2020.81693989068,253200000,hCoV-19/Belgium/ULG-10705/2020|EPI_ISL_636677|2020-10-26|Europe,Liège,Liège,4520,4520
546,451,0.01022054645,639096.305287169,710104.877103259,639253.157432085,709769.240501965,0.16996054645,0.15974,2020.80671934423,2020.81693989068,253200000,hCoV-19/Belgium/ULG-10713/2020|EPI_ISL_636684|2020-10-26|Europe,Liège,Liège,4520,4520
547,548,0.08407,644517.86516926,733974.815473991,644431.971482865,734390.721731548,0.13704,0.05297,2020.69994934423,2020.78401934423,253200000,NA,Liège,Liège,4102,4031
547,550,0.01291403433,644517.86516926,733974.815473991,644499.703690557,733935.679369309,0.06588403433,0.05297,2020.69994934423,2020.71286337856,253200000,NA,Liège,Liège,4102,4102
548,452,0.02745606557,644431.971482865,734390.721731548,650304.879074063,723916.270481249,0.16449606557,0.13704,2020.78401934423,2020.8114754098,253200000,hCoV-19/Belgium/ULG-10649/2020|EPI_ISL_636627|2020-10-24|Europe,Liège,Liège,4031,4347
548,549,0.02271,644431.971482865,734390.721731548,644687.964951228,735821.277139357,0.15975,0.13704,2020.78401934423,2020.80672934423,253200000,NA,Liège,Liège,4031,4031
549,453,0.01021054645,644687.964951228,735821.277139357,644690.799078997,735862.137806647,0.16996054645,0.15975,2020.80672934423,2020.81693989068,253200000,hCoV-19/Belgium/ULG-10702/2020|EPI_ISL_636674|2020-10-26|Europe,Liège,Liège,4031,4031
549,454,0.00201382513699999,644687.964951228,735821.277139357,643577.273640493,717784.141036101,0.161763825137,0.15975,2020.80672934423,2020.80874316937,253200000,hCoV-19/Belgium/ULG-10507/2020|EPI_ISL_626256|2020-10-23|Europe,Liège,Liège,4031,4537
550,551,0.000555965667000002,644499.703690557,733935.679369309,644500.632982733,733935.465291339,0.066439999997,0.06588403433,2020.71286337856,2020.71341934423,253200000,NA,Liège,Liège,4102,4102
550,455,0.01118033725,644499.703690557,733935.679369309,639395.261506555,725415.152976137,0.07706437158,0.06588403433,2020.71286337856,2020.72404371581,253200000,hCoV-19/Belgium/ULG-10470/2020|EPI_ISL_581640|2020-09-22|Europe,Liège,Liège,4102,4120
551,457,0.00242765027299999,644500.632982733,733935.465291339,639702.352785583,751924.91081201,0.06886765027,0.066439999997,2020.71341934423,2020.7158469945,253200000,hCoV-19/Belgium/ULG-10754/2020|EPI_ISL_641596|2020-09-19|Europe,Liège,Liège,4102,4860
551,456,0.00242765027299999,644500.632982733,733935.465291339,657251.817044532,738279.516642292,0.06886765027,0.066439999997,2020.71341934423,2020.7158469945,253200000,hCoV-19/Belgium/ULG-10753/2020|EPI_ISL_641595|2020-09-19|Europe,Liège,Liège,4102,4680
552,595,0.00634000000000001,644403.859500323,733917.026099299,644361.465580276,734036.747350476,0.00844,0.00209999999999999,2020.64907934423,2020.65541934423,253200000,NA,Liège,Liège,4102,4102
552,553,0.04180963825,644403.859500323,733917.026099299,644302.754641991,734174.426109489,0.04390963825,0.00209999999999999,2020.64907934423,2020.69088898248,253200000,NA,Liège,Liège,4102,4102
553,554,0.000110361750400023,644302.754641991,734174.426109489,644287.87417334,734205.543397197,0.0440200000004,0.04390963825,2020.69088898248,2020.69099934424,253200000,NA,Liège,Liège,4102,4102
553,557,0.000110361750400023,644302.754641991,734174.426109489,644287.87417334,734205.543397197,0.0440200000004,0.04390963825,2020.69088898248,2020.69099934424,253200000,NA,Liège,Liège,4102,4102
554,556,0.11572,644287.87417334,734205.543397197,645848.992164763,745411.408881381,0.1597400000004,0.0440200000004,2020.69099934424,2020.80671934424,253200000,NA,Liège,Liège,4102,4630
554,555,0.11724,644287.87417334,734205.543397197,650130.03359581,713813.389707175,0.1612600000004,0.0440200000004,2020.69099934424,2020.80823934424,253200000,NA,Liège,Liège,4102,4317
555,458,0.05788087432,650130.03359581,713813.389707175,649972.015969193,713712.469023866,0.2191408743204,0.1612600000004,2020.80823934424,2020.86612021856,253200000,hCoV-19/Belgium/ULG-10826/2020|EPI_ISL_661215|2020-11-13|Europe,Liège,Liège,4317,4317
555,459,0.05788087432,650130.03359581,713813.389707175,648749.988720829,710428.285894726,0.2191408743204,0.1612600000004,2020.80823934424,2020.86612021856,253200000,hCoV-19/Belgium/ULG-10829/2020|EPI_ISL_661202|2020-11-13|Europe,Liège,Liège,4317,4317
556,461,0.01022054645,645848.992164763,745411.408881381,635838.05420878,733928.981673303,0.1699605464504,0.1597400000004,2020.80671934424,2020.81693989069,253200000,hCoV-19/Belgium/ULG-10687/2020|EPI_ISL_636659|2020-10-26|Europe,Liège,Liège,4630,4130
556,460,0.02934622951,645848.992164763,745411.408881381,645802.547116605,745550.600243635,0.1890862295104,0.1597400000004,2020.80671934424,2020.83606557374,253200000,hCoV-19/Belgium/ULG-10768/2020|EPI_ISL_644614|2020-11-02|Europe,Liège,Liège,4630,4630
557,570,0.01604156848,644287.87417334,734205.543397197,644594.258226851,735043.377058072,0.0600615684804,0.0440200000004,2020.69099934424,2020.70704091272,253200000,NA,Liège,Liège,4102,4031
557,558,0.00295999999999999,644287.87417334,734205.543397197,644305.391046796,733825.730270247,0.0469800000004,0.0440200000004,2020.69099934424,2020.69395934424,253200000,NA,Liège,Liège,4102,4102
558,559,0.03003,644305.391046796,733825.730270247,642048.316998084,733360.280412155,0.0770100000004,0.0469800000004,2020.69395934424,2020.72398934423,253200000,NA,Liège,Liège,4102,4102
558,564,0.01622,644305.391046796,733825.730270247,644056.501985541,734232.646213855,0.0632000000004,0.0469800000004,2020.69395934424,2020.71017934424,253200000,NA,Liège,Liège,4102,4102
559,462,0.0383057377,642048.316998084,733360.280412155,643927.468718024,732336.003998343,0.1153157377004,0.0770100000004,2020.72398934423,2020.76229508194,253200000,hCoV-19/Belgium/ULG-10762/2020|EPI_ISL_641604|2020-10-06|Europe,Liège,Liège,4102,4100
559,560,0.00211816285399999,642048.316998084,733360.280412155,642151.312680697,733229.591619847,0.0791281628544,0.0770100000004,2020.72398934423,2020.72610750709,253200000,NA,Liège,Liège,4102,4102
560,463,0.000668449167700008,642151.312680697,733229.591619847,642171.168523325,733225.204418047,0.0797966120221,0.0791281628544,2020.72610750709,2020.72677595626,253200000,hCoV-19/Belgium/ULG-10493/2020|EPI_ISL_581655|2020-09-23|Europe,Liège,Liège,4102,4102
560,561,0.000461837145800004,642151.312680697,733229.591619847,641813.321655419,732741.191760717,0.0795900000002,0.0791281628544,2020.72610750709,2020.72656934423,253200000,NA,Liège,Liège,4102,4100
561,464,0.08763830601,641813.321655419,732741.191760717,641889.970078938,732073.606997425,0.1672283060102,0.0795900000002,2020.72656934423,2020.81420765024,253200000,hCoV-19/Belgium/ULG-10628/2020|EPI_ISL_636607|2020-10-25|Europe,Liège,Liège,4100,4100
561,562,0.00270000000000001,641813.321655419,732741.191760717,655174.708903419,740187.776858959,0.0822900000002,0.0795900000002,2020.72656934423,2020.72926934423,253200000,NA,Liège,Liège,4100,4680
562,465,0.002971092896,655174.708903419,740187.776858959,655205.594466175,740284.555644936,0.0852610928962,0.0822900000002,2020.72926934423,2020.73224043713,253200000,hCoV-19/Belgium/ULG-10503/2020|EPI_ISL_581665|2020-09-25|Europe,Liège,Liège,4680,4680
562,563,0.02974,655174.708903419,740187.776858959,650330.254398814,734241.094652903,0.1120300000002,0.0822900000002,2020.72926934423,2020.75900934423,253200000,NA,Liège,Liège,4680,4000
563,466,0.04973382514,650330.254398814,734241.094652903,649956.641616355,735508.316852104,0.1617638251402,0.1120300000002,2020.75900934423,2020.80874316937,253200000,hCoV-19/Belgium/ULG-10591/2020|EPI_ISL_626337|2020-10-23|Europe,Liège,Liège,4000,4000
564,567,0.00289,644056.501985541,734232.646213855,644073.059094206,734191.313824907,0.0660900000004,0.0632000000004,2020.71017934424,2020.71306934424,253200000,NA,Liège,Liège,4102,4102
564,565,0.0964301302,644056.501985541,734232.646213855,645186.901487118,747800.696429244,0.1596301302004,0.0632000000004,2020.71017934424,2020.80660947443,253200000,NA,Liège,Liège,4102,4630
565,566,0.000109869802399992,645186.901487118,747800.696429244,645203.199175691,747768.6690509,0.1597400000028,0.1596301302004,2020.80660947443,2020.80671934424,253200000,NA,Liège,Liège,4630,4630
565,468,0.02399161844,645186.901487118,747800.696429244,649214.858158668,741232.682885287,0.1836217486404,0.1596301302004,2020.80660947443,2020.83060109287,253200000,hCoV-19/Belgium/ULG-10766/2020|EPI_ISL_644612|2020-10-31|Europe,Liège,Liège,4630,4610
566,470,0.01022054645,645203.199175691,747768.6690509,645164.235913362,747866.36132639,0.1699605464528,0.1597400000028,2020.80671934424,2020.81693989069,253200000,hCoV-19/Belgium/ULG-10674/2020|EPI_ISL_636648|2020-10-26|Europe,Liège,Liège,4630,4630
566,469,0.07032983607,645203.199175691,747768.6690509,642927.573604658,758454.511682231,0.2300698360728,0.1597400000028,2020.80671934424,2020.87704918031,253200000,hCoV-19/Belgium/ULG-10798/2020|EPI_ISL_661208|2020-11-17|Europe,Liège,Liège,4630,4801
567,569,0.0103,644073.059094206,734191.313824907,636276.459167133,717891.724020636,0.0763900000004,0.0660900000004,2020.71306934424,2020.72336934423,253200000,NA,Liège,Liège,4102,4540
567,568,0.09315,644073.059094206,734191.313824907,643915.35144035,734102.241563976,0.1592400000004,0.0660900000004,2020.71306934424,2020.80621934423,253200000,NA,Liège,Liège,4102,4102
568,471,0.06809759563,643915.35144035,734102.241563976,642191.081350735,733764.116555273,0.2273375956304,0.1592400000004,2020.80621934423,2020.87431693987,253200000,hCoV-19/Belgium/ULG-10782/2020|EPI_ISL_661204|2020-11-16|Europe,Liège,Liège,4102,4102
568,472,0.06809759563,643915.35144035,734102.241563976,643970.476653508,733822.00013403,0.2273375956304,0.1592400000004,2020.80621934423,2020.87431693987,253200000,hCoV-19/Belgium/ULG-10796/2020|EPI_ISL_661206|2020-11-16|Europe,Liège,Liège,4102,4102
569,474,0.006138852459,636276.459167133,717891.724020636,644437.240037478,760098.397152446,0.0825288524594,0.0763900000004,2020.72336934423,2020.72950819669,253200000,hCoV-19/Belgium/ULG-10501/2020|EPI_ISL_581663|2020-09-24|Europe,Liège,Liège,4540,4830
569,473,0.00340661202200002,636276.459167133,717891.724020636,636364.815439449,717680.950073682,0.0797966120224,0.0763900000004,2020.72336934423,2020.72677595626,253200000,hCoV-19/Belgium/ULG-10490/2020|EPI_ISL_581653|2020-09-23|Europe,Liège,Liège,4540,4540
570,571,0.00195843152300001,644594.258226851,735043.377058072,644322.894894051,736582.902351186,0.0620200000034,0.0600615684804,2020.70704091272,2020.70899934424,253200000,NA,Liège,Liège,4031,4031
570,585,0.000108431522999997,644594.258226851,735043.377058072,644226.711589561,735695.602865565,0.0601700000034,0.0600615684804,2020.70704091272,2020.70714934424,253200000,NA,Liège,Liège,4031,4031
571,572,0.01504,644322.894894051,736582.902351186,644276.973703213,736194.403031793,0.0770600000034,0.0620200000034,2020.70899934424,2020.72403934424,253200000,NA,Liège,Liège,4031,4031
571,573,0.000687934469499996,644322.894894051,736582.902351186,643027.924128136,725768.94838237,0.0627079344729,0.0620200000034,2020.70899934424,2020.70968727871,253200000,NA,Liège,Liège,4031,4400
572,476,4.37158475297128e-06,644276.973703213,736194.403031793,644275.358362567,736197.416149002,0.077064371588153,0.0770600000034,2020.72403934424,2020.72404371582,253200000,hCoV-19/Belgium/ULG-10412/2020|EPI_ISL_581579|2020-09-22|Europe,Liège,Liège,4031,4031
573,477,0.1673619016,643027.924128136,725768.94838237,641966.017535895,722727.052993759,0.2300698360729,0.0627079344729,2020.70968727871,2020.87704918031,253200000,hCoV-19/Belgium/ULG-10802/2020|EPI_ISL_661209|2020-11-17|Europe,Liège,Liège,4400,4480
573,574,0.000372065530499982,643027.924128136,725768.94838237,642772.769445854,725837.065871007,0.0630800000034,0.0627079344729,2020.70968727871,2020.71005934424,253200000,NA,Liège,Liège,4400,4400
574,478,0.1205417486,642772.769445854,725837.065871007,642798.401598596,725856.03707408,0.1836217486034,0.0630800000034,2020.71005934424,2020.83060109284,253200000,hCoV-19/Belgium/ULG-10771/2020|EPI_ISL_644617|2020-10-31|Europe,Liège,Liège,4400,4400
574,575,0.01151,642772.769445854,725837.065871007,643085.995393333,725657.158935181,0.0745900000034,0.0630800000034,2020.71005934424,2020.72156934424,253200000,NA,Liège,Liège,4400,4400
575,580,0.07853,643085.995393333,725657.158935181,643053.450851373,725556.798088786,0.1531200000034,0.0745900000034,2020.72156934424,2020.80009934424,253200000,NA,Liège,Liège,4400,4400
577,480,0.02497382514,640742.009138903,733002.674645834,630005.550840096,729367.132512438,0.1617638251404,0.1367900000004,2020.78376934423,2020.80874316938,253200000,hCoV-19/Belgium/ULG-10543/2020|EPI_ISL_626318|2020-10-23|Europe,Liège,Liège,4100,4160
577,479,0.02497382514,640742.009138903,733002.674645834,640743.439440405,732869.378732307,0.1617638251404,0.1367900000004,2020.78376934423,2020.80874316938,253200000,hCoV-19/Belgium/ULG-10524/2020|EPI_ISL_626313|2020-10-23|Europe,Liège,Liège,4100,4100
579,482,0.003413825137,655793.569654668,729076.211763522,655737.905250288,729100.335449816,0.16176382514,0.158350000003,2020.80532934424,2020.80874316937,253200000,hCoV-19/Belgium/ULG-10519/2020|EPI_ISL_626293|2020-10-23|Europe,Liège,Liège,4432,4432
579,483,0.003413825137,655793.569654668,729076.211763522,648206.011444324,737975.584478039,0.16176382514,0.158350000003,2020.80532934424,2020.80874316937,253200000,hCoV-19/Belgium/ULG-10583/2020|EPI_ISL_626269|2020-10-23|Europe,Liège,Liège,4432,4020
580,484,0.06602087432,643053.450851373,725556.798088786,643062.737547711,720555.897414609,0.2191408743234,0.1531200000034,2020.80009934424,2020.86612021856,253200000,hCoV-19/Belgium/ULG-10828/2020|EPI_ISL_661216|2020-11-13|Europe,Liège,Liège,4400,4470
580,581,0.00223999999999999,643053.450851373,725556.798088786,644517.86516926,733974.815473991,0.1553600000034,0.1531200000034,2020.80009934424,2020.80233934424,253200000,NA,Liège,Liège,4400,4102
581,582,0.00212999999999999,644517.86516926,733974.815473991,661333.773156514,738030.339187746,0.1574900000034,0.1553600000034,2020.80233934424,2020.80446934424,253200000,NA,Liège,Liège,4102,4690
581,485,0.07197759563,644517.86516926,733974.815473991,627600.280438206,740932.788114594,0.2273375956334,0.1553600000034,2020.80233934424,2020.87431693987,253200000,hCoV-19/Belgium/ULG-10792/2020|EPI_ISL_661201|2020-11-16|Europe,Liège,Liège,4102,4920
582,584,0.00190000000000001,661333.773156514,738030.339187746,661342.129709743,738035.235277067,0.1593900000034,0.1574900000034,2020.80446934424,2020.80636934424,253200000,NA,Liège,Liège,4690,4690
582,583,0.000920000000000004,661333.773156514,738030.339187746,661357.120944378,737990.857383013,0.1584100000034,0.1574900000034,2020.80446934424,2020.80538934424,253200000,NA,Liège,Liège,4690,4690
583,487,0.003353825137,661357.120944378,737990.857383013,661340.166743007,737972.189485189,0.1617638251404,0.1584100000034,2020.80538934424,2020.80874316938,253200000,hCoV-19/Belgium/ULG-10552/2020|EPI_ISL_626304|2020-10-23|Europe,Liège,Liège,4690,4690
583,486,0.003353825137,661357.120944378,737990.857383013,658141.520746122,733039.287147768,0.1617638251404,0.1584100000034,2020.80538934424,2020.80874316938,253200000,hCoV-19/Belgium/ULG-10560/2020|EPI_ISL_626328|2020-10-23|Europe,Liège,Liège,4690,4450
584,489,0.01057054645,661342.129709743,738035.235277067,647772.643141194,732319.650996426,0.1699605464534,0.1593900000034,2020.80636934424,2020.81693989069,253200000,hCoV-19/Belgium/ULG-10642/2020|EPI_ISL_636620|2020-10-26|Europe,Liège,Liège,4690,4420
584,488,0.00237382513699999,661342.129709743,738035.235277067,661629.502678083,736396.172951304,0.1617638251404,0.1593900000034,2020.80636934424,2020.80874316938,253200000,hCoV-19/Belgium/ULG-10581/2020|EPI_ISL_626339|2020-10-23|Europe,Liège,Liège,4690,4690
585,490,0.1015938251,644226.711589561,735695.602865565,648425.235121899,736119.49909387,0.1617638251034,0.0601700000034,2020.70714934424,2020.80874316934,253200000,hCoV-19/Belgium/ULG-10576/2020|EPI_ISL_626267|2020-10-23|Europe,Liège,Liège,4031,4020
585,586,0.01839993453,644226.711589561,735695.602865565,644279.626992941,735793.440709161,0.0785699345334,0.0601700000034,2020.70714934424,2020.72554927877,253200000,NA,Liège,Liège,4031,4031
586,590,0.00056795890450001,644279.626992941,735793.440709161,644290.525968304,735819.573340493,0.0791378934379,0.0785699345334,2020.72554927877,2020.72611723767,253200000,NA,Liège,Liège,4031,4031
586,587,0.000890065470899981,644279.626992941,735793.440709161,644340.313993241,735732.731393988,0.0794600000043,0.0785699345334,2020.72554927877,2020.72643934424,253200000,NA,Liège,Liège,4031,4031
587,491,0.08230382514,644340.313993241,735732.731393988,643874.391667616,736875.124422394,0.1617638251443,0.0794600000043,2020.72643934424,2020.80874316938,253200000,hCoV-19/Belgium/ULG-10547/2020|EPI_ISL_626305|2020-10-23|Europe,Liège,Liège,4031,4053
587,588,0.03524,644340.313993241,735732.731393988,644601.06524857,735228.09359033,0.1147000000043,0.0794600000043,2020.72643934424,2020.76167934424,253200000,NA,Liège,Liège,4031,4031
588,492,0.05526054645,644601.06524857,735228.09359033,647969.277935362,741648.209726899,0.1699605464543,0.1147000000043,2020.76167934424,2020.81693989069,253200000,hCoV-19/Belgium/ULG-10682/2020|EPI_ISL_636654|2020-10-26|Europe,Liège,Liège,4031,4610
588,589,0.04402,644601.06524857,735228.09359033,644882.361099112,736219.939355943,0.1587200000043,0.1147000000043,2020.76167934424,2020.80569934424,253200000,NA,Liège,Liège,4031,4031
589,494,0.07134983607,644882.361099112,736219.939355943,625637.485410856,755907.338056164,0.2300698360743,0.1587200000043,2020.80569934424,2020.87704918031,253200000,hCoV-19/Belgium/ULG-10809/2020|EPI_ISL_661211|2020-11-17|Europe,Liège,Liège,4031,4987
589,493,0.00304382513699999,644882.361099112,736219.939355943,653713.687652104,739556.910051511,0.1617638251413,0.1587200000043,2020.80569934424,2020.80874316938,253200000,hCoV-19/Belgium/ULG-10528/2020|EPI_ISL_626288|2020-10-23|Europe,Liège,Liège,4031,4040
590,594,0.000322106566399971,644290.525968304,735819.573340493,634131.048988079,748865.35377624,0.0794600000043,0.0791378934379,2020.72611723767,2020.72643934424,253200000,NA,Liège,Liège,4031,4920
590,591,0.03804210657,644290.525968304,735819.573340493,644719.718456825,735544.931217144,0.1171800000079,0.0791378934379,2020.72611723767,2020.76415934424,253200000,NA,Liège,Liège,4031,4031
591,592,0.03025,644719.718456825,735544.931217144,646679.499103563,738788.692620836,0.1474300000079,0.1171800000079,2020.76415934424,2020.79440934424,253200000,NA,Liège,Liège,4031,4030
591,593,0.04257,644719.718456825,735544.931217144,651973.793328004,734714.845571599,0.1597500000079,0.1171800000079,2020.76415934424,2020.80672934424,253200000,NA,Liège,Liège,4031,4000
592,496,0.01433382514,646679.499103563,738788.692620836,642187.211993129,737022.235063564,0.1617638251479,0.1474300000079,2020.79440934424,2020.80874316938,253200000,hCoV-19/Belgium/ULG-10570/2020|EPI_ISL_626316|2020-10-23|Europe,Liège,Liège,4030,4053
592,495,0.01433382514,646679.499103563,738788.692620836,646698.49487315,738621.322831856,0.1617638251479,0.1474300000079,2020.79440934424,2020.80874316938,253200000,hCoV-19/Belgium/ULG-10559/2020|EPI_ISL_626257|2020-10-23|Europe,Liège,Liège,4030,4030
593,497,0.01021054645,651973.793328004,734714.845571599,646025.861802551,722193.47590247,0.1699605464579,0.1597500000079,2020.80672934424,2020.81693989069,253200000,hCoV-19/Belgium/ULG-10677/2020|EPI_ISL_636650|2020-10-26|Europe,Liège,Liège,4000,4460
593,498,0.00201382513699999,651973.793328004,734714.845571599,652037.041131274,734664.036499466,0.1617638251449,0.1597500000079,2020.80672934424,2020.80874316938,253200000,hCoV-19/Belgium/ULG-10520/2020|EPI_ISL_626263|2020-10-23|Europe,Liège,Liège,4000,4000
594,500,0.09050054645,634131.048988079,748865.35377624,628333.209009146,733242.104296011,0.1699605464543,0.0794600000043,2020.72643934424,2020.81693989069,253200000,hCoV-19/Belgium/ULG-10638/2020|EPI_ISL_636616|2020-10-26|Europe,Liège,Liège,4920,4180
594,499,0.09050054645,634131.048988079,748865.35377624,633962.998778781,749003.072640661,0.1699605464543,0.0794600000043,2020.72643934424,2020.81693989069,253200000,hCoV-19/Belgium/ULG-10703/2020|EPI_ISL_636675|2020-10-26|Europe,Liège,Liège,4920,4910
595,596,0.00402,644361.465580276,734036.747350476,644414.188688398,734013.804680114,0.01246,0.00844,2020.65541934423,2020.65943934423,253200000,NA,Liège,Liège,4102,4102
596,598,0.00223999999999999,644414.188688398,734013.804680114,644517.86516926,733974.815473991,0.0147,0.01246,2020.65943934423,2020.66167934423,253200000,NA,Liège,Liège,4102,4102
596,597,0.0998,644414.188688398,734013.804680114,645529.301296874,732229.949299136,0.11226,0.01246,2020.65943934423,2020.75923934423,253200000,NA,Liège,Liège,4102,4420
597,503,0.04950382514,645529.301296874,732229.949299136,644055.863783901,755735.405339314,0.16176382514,0.11226,2020.75923934423,2020.80874316937,253200000,hCoV-19/Belgium/ULG-10535/2020|EPI_ISL_626314|2020-10-23|Europe,Liège,Liège,4420,4821
597,502,0.1150775956,645529.301296874,732229.949299136,645054.612098875,732845.232172713,0.2273375956,0.11226,2020.75923934423,2020.87431693983,253200000,hCoV-19/Belgium/ULG-10786/2020|EPI_ISL_661205|2020-11-16|Europe,Liège,Liège,4420,4000
598,504,0.002255081967,644517.86516926,733974.815473991,641855.05996874,721250.102271539,0.016955081967,0.0147,2020.66167934423,2020.6639344262,253200000,hCoV-19/Belgium/ULG-10461/2020|EPI_ISL_581632|2020-08-31|Europe,Liège,Liège,4102,4470
598,599,0.02873783684,644517.86516926,733974.815473991,641955.214267859,720499.050373418,0.04343783684,0.0147,2020.66167934423,2020.69041718107,253200000,NA,Liège,Liège,4102,4470
599,607,2.90898337498846e-06,641955.214267859,720499.050373418,641957.556093566,720493.533106958,0.043440745823375,0.04343783684,2020.69041718107,2020.69042009006,253200000,NA,Liège,Liège,4470,4470
599,600,0.02455714769,641955.214267859,720499.050373418,634001.355800914,716075.997854206,0.06799498453,0.04343783684,2020.69041718107,2020.71497432876,253200000,NA,Liège,Liège,4470,4500
600,505,0.00087266573780001,634001.355800914,716075.997854206,633792.42828258,715956.854660446,0.0688676502678,0.06799498453,2020.71497432876,2020.7158469945,253200000,hCoV-19/Belgium/ULG-10750/2020|EPI_ISL_641592|2020-09-19|Europe,Liège,Liège,4500,4500
600,601,0.004435015465,634001.355800914,716075.997854206,629719.925081216,710866.875111932,0.072429999995,0.06799498453,2020.71497432876,2020.71940934423,253200000,NA,Liège,Liège,4500,4570
601,506,0.00736661202200001,629719.925081216,710866.875111932,629984.456011479,709396.33510009,0.079796612017,0.072429999995,2020.71940934423,2020.72677595625,253200000,hCoV-19/Belgium/ULG-10488/2020|EPI_ISL_581651|2020-09-23|Europe,Liège,Liège,4570,4570
601,602,0.04261,629719.925081216,710866.875111932,625768.001439532,743021.004382211,0.115039999995,0.072429999995,2020.71940934423,2020.76201934423,253200000,NA,Liège,Liège,4570,4920
602,507,0.05492054645,625768.001439532,743021.004382211,624392.240403784,760912.32328351,0.169960546445,0.115039999995,2020.76201934423,2020.81693989068,253200000,hCoV-19/Belgium/ULG-10693/2020|EPI_ISL_636665|2020-10-26|Europe,Liège,Liège,4920,4970
602,603,0.0426,625768.001439532,743021.004382211,625768.001439532,743021.004382211,0.157639999995,0.115039999995,2020.76201934423,2020.80461934423,253200000,NA,Liège,Liège,4920,4920
603,605,0.000719999999999998,625768.001439532,743021.004382211,625717.426580113,743332.973070642,0.158359999995,0.157639999995,2020.80461934423,2020.80533934423,253200000,NA,Liège,Liège,4920,4920
603,604,0.00262000000000001,625768.001439532,743021.004382211,640299.499228999,739828.918961566,0.160259999995,0.157639999995,2020.80461934423,2020.80723934423,253200000,NA,Liège,Liège,4920,4052
604,508,0.0206295082,640299.499228999,739828.918961566,640647.474769294,739022.388122392,0.180889508195,0.160259999995,2020.80723934423,2020.82786885243,253200000,hCoV-19/Belgium/ULG-10780/2020|EPI_ISL_644626|2020-10-30|Europe,Liège,Liège,4052,4052
604,509,0.00150382513700001,640299.499228999,739828.918961566,634529.635484386,764389.831026868,0.161763825132,0.160259999995,2020.80723934423,2020.80874316937,253200000,hCoV-19/Belgium/ULG-10534/2020|EPI_ISL_626310|2020-10-23|Europe,Liège,Liège,4052,4845
605,606,0.000939999999999996,625717.426580113,743332.973070642,625719.360435207,743333.350263325,0.159299999995,0.158359999995,2020.80533934423,2020.80627934423,253200000,NA,Liège,Liège,4920,4920
605,510,0.00340382513699999,625717.426580113,743332.973070642,624375.257586961,740750.214077089,0.161763825132,0.158359999995,2020.80533934423,2020.80874316937,253200000,hCoV-19/Belgium/ULG-10522/2020|EPI_ISL_626287|2020-10-23|Europe,Liège,Liège,4920,4920
606,512,0.01066054645,625719.360435207,743333.350263325,631588.928999788,746428.019672335,0.169960546445,0.159299999995,2020.80627934423,2020.81693989068,253200000,hCoV-19/Belgium/ULG-10643/2020|EPI_ISL_636621|2020-10-26|Europe,Liège,Liège,4920,4920
606,511,0.01066054645,625719.360435207,743333.350263325,625629.04267399,743441.345336279,0.169960546445,0.159299999995,2020.80627934423,2020.81693989068,253200000,hCoV-19/Belgium/ULG-10681/2020|EPI_ISL_636653|2020-10-26|Europe,Liège,Liège,4920,4920
607,608,0.000409254172000023,641957.556093566,720493.533106958,641949.623431369,720499.777700211,0.043849999995375,0.043440745823375,2020.69042009006,2020.69082934423,253200000,NA,Liège,Liège,4470,4470
607,513,0.1183230793,641957.556093566,720493.533106958,645289.497313741,742656.737369953,0.161763825123375,0.043440745823375,2020.69042009006,2020.80874316936,253200000,hCoV-19/Belgium/ULG-10575/2020|EPI_ISL_626319|2020-10-23|Europe,Liège,Liège,4470,4620
608,514,0.1862198361,641949.623431369,720499.777700211,635316.768860703,703451.752572003,0.230069836095375,0.043849999995375,2020.69082934423,2020.87704918033,253200000,hCoV-19/Belgium/ULG-10810/2020|EPI_ISL_661212|2020-11-17|Europe,Liège,Liège,4470,4218
612,517,0.09588054645,644720.542767188,744179.192138599,641639.982183166,757502.61231474,0.169960546441375,0.074079999991375,2020.72105934423,2020.81693989068,253200000,hCoV-19/Belgium/ULG-10660/2020|EPI_ISL_636637|2020-10-26|Europe,Liège,Liège,4630,4802
612,613,0.00365000000000001,644720.542767188,744179.192138599,645046.284683814,744453.204016737,0.077729999991375,0.074079999991375,2020.72105934423,2020.72470934423,253200000,NA,Liège,Liège,4630,4877
613,615,0.01789,645046.284683814,744453.204016737,649530.726592236,739399.704262981,0.095619999991375,0.077729999991375,2020.72470934423,2020.74259934423,253200000,NA,Liège,Liège,4877,4020
613,614,0.05907,645046.284683814,744453.204016737,644858.135976163,744690.714843836,0.136799999991375,0.077729999991375,2020.72470934423,2020.78377934423,253200000,NA,Liège,Liège,4877,4877
614,519,0.02496382514,644858.135976163,744690.714843836,643709.793076761,746304.687407351,0.161763825131375,0.136799999991375,2020.78377934423,2020.80874316937,253200000,hCoV-19/Belgium/ULG-10536/2020|EPI_ISL_626284|2020-10-23|Europe,Liège,Liège,4877,4877
614,518,0.02496382514,644858.135976163,744690.714843836,644804.081343849,744566.284746577,0.161763825131375,0.136799999991375,2020.78377934423,2020.80874316937,253200000,hCoV-19/Belgium/ULG-10511/2020|EPI_ISL_626285|2020-10-23|Europe,Liège,Liège,4877,4877
615,616,0.05471,649530.726592236,739399.704262981,633388.811194993,707019.141601439,0.150329999991375,0.095619999991375,2020.74259934423,2020.79730934423,253200000,NA,Liège,Liège,4020,4500
615,618,0.01852,649530.726592236,739399.704262981,649521.734328423,739576.029723484,0.114139999991375,0.095619999991375,2020.74259934423,2020.76111934423,253200000,NA,Liège,Liège,4020,4020
616,617,0.00942000000000001,633388.811194993,707019.141601439,633354.422627533,707124.52064845,0.159749999991375,0.150329999991375,2020.79730934423,2020.80672934423,253200000,NA,Liège,Liège,4500,4500
617,521,0.01021054645,633354.422627533,707124.52064845,633721.253076954,704924.793068142,0.169960546441375,0.159749999991375,2020.80672934423,2020.81693989068,253200000,hCoV-19/Belgium/ULG-10672/2020|EPI_ISL_636647|2020-10-26|Europe,Liège,Liège,4500,4520
617,522,0.01021054645,633354.422627533,707124.52064845,637212.364491342,708823.447588546,0.169960546441375,0.159749999991375,2020.80672934423,2020.81693989068,253200000,hCoV-19/Belgium/ULG-10669/2020|EPI_ISL_636645|2020-10-26|Europe,Liège,Liège,4500,4520
618,523,0.05308830601,649521.734328423,739576.029723484,644612.810417343,739432.076587003,0.167228306001375,0.114139999991375,2020.76111934423,2020.81420765024,253200000,hCoV-19/Belgium/ULG-10675/2020|EPI_ISL_636649|2020-10-25|Europe,Liège,Liège,4020,4051
618,619,0.000399999999999998,649521.734328423,739576.029723484,649501.704885964,739567.793969717,0.114539999991375,0.114139999991375,2020.76111934423,2020.76151934423,253200000,NA,Liège,Liège,4020,4020
619,524,0.05542054645,649501.704885964,739567.793969717,649442.725207533,739747.487098653,0.169960546441375,0.114539999991375,2020.76151934423,2020.81693989068,253200000,hCoV-19/Belgium/ULG-10690/2020|EPI_ISL_636662|2020-10-26|Europe,Liège,Liège,4020,4020
619,620,0.000229999999999994,649501.704885964,739567.793969717,649494.154441176,739572.208702423,0.114769999991375,0.114539999991375,2020.76151934423,2020.76174934423,253200000,NA,Liège,Liège,4020,4020
620,621,5e-04,649494.154441176,739572.208702423,649452.083314374,739702.224584289,0.115269999991375,0.114769999991375,2020.76174934423,2020.76224934423,253200000,NA,Liège,Liège,4020,4020
620,525,0.05519054645,649494.154441176,739572.208702423,630045.00645454,713743.084903931,0.169960546441375,0.114769999991375,2020.76174934423,2020.81693989068,253200000,hCoV-19/Belgium/ULG-10698/2020|EPI_ISL_636670|2020-10-26|Europe,Liège,Liège,4020,4577
621,526,0.05469054645,649452.083314374,739702.224584289,649094.123261248,740614.642236208,0.169960546441375,0.115269999991375,2020.76224934423,2020.81693989068,253200000,hCoV-19/Belgium/ULG-10684/2020|EPI_ISL_636656|2020-10-26|Europe,Liège,Liège,4020,4020
621,622,0.01637,649452.083314374,739702.224584289,644503.885726158,729494.756742376,0.131639999991375,0.115269999991375,2020.76224934423,2020.77861934423,253200000,NA,Liège,Liège,4020,4101
622,623,0.02625082789,644503.885726158,729494.756742376,644491.874286253,729497.333774078,0.157890827881375,0.131639999991375,2020.77861934423,2020.80487017212,253200000,NA,Liège,Liège,4101,4101
622,527,0.04105278689,644503.885726158,729494.756742376,653327.287267516,733168.779489202,0.172692786881375,0.131639999991375,2020.77861934423,2020.81967213112,253200000,hCoV-19/Belgium/ULG-10683/2020|EPI_ISL_636655|2020-10-27|Europe,Liège,Liège,4101,4000
623,624,0.000469172113600008,644491.874286253,729497.333774078,644499.836405939,729504.028299987,0.158359999994975,0.157890827881375,2020.80487017212,2020.80533934423,253200000,NA,Liège,Liège,4101,4101
623,528,0.00387299725000001,644491.874286253,729497.333774078,644507.072193049,729461.789250018,0.161763825131375,0.157890827881375,2020.80487017212,2020.80874316937,253200000,hCoV-19/Belgium/ULG-10542/2020|EPI_ISL_626266|2020-10-23|Europe,Liège,Liège,4101,4101
624,530,0.00340382513699999,644499.836405939,729504.028299987,651241.263354985,763342.076621762,0.161763825131975,0.158359999994975,2020.80533934423,2020.80874316937,253200000,hCoV-19/Belgium/ULG-10588/2020|EPI_ISL_626338|2020-10-23|Europe,Liège,Liège,4101,4840
624,529,0.00340382513699999,644499.836405939,729504.028299987,636924.690637306,730905.238040296,0.161763825131975,0.158359999994975,2020.80533934423,2020.80874316937,253200000,hCoV-19/Belgium/ULG-10546/2020|EPI_ISL_626290|2020-10-23|Europe,Liège,Liège,4101,4120
630,536,0.01110054645,630295.228865067,717572.493343901,623609.738901011,716935.158597747,0.169960546443175,0.158859999993175,2020.80583934423,2020.81693989068,253200000,hCoV-19/Belgium/ULG-10701/2020|EPI_ISL_636673|2020-10-26|Europe,Liège,Liège,4577,4560
630,537,0.02476174863,630295.228865067,717572.493343901,630198.058928442,717764.578706006,0.183621748623175,0.158859999993175,2020.80583934423,2020.83060109286,253200000,hCoV-19/Belgium/ULG-10777/2020|EPI_ISL_644623|2020-10-31|Europe,Liège,Liège,4577,4577
681,682,0.000530029006999999,649727.222430524,737383.428183088,650311.992639304,736608.615038244,0.000530029006999999,0,2020.19622400278,2020.19675403179,253200000,NA,Liège,Liège,4000,4000
681,723,0.000996183871700002,649727.222430524,737383.428183088,649709.09340727,737486.604760794,0.000996183871700002,0,2020.19622400278,2020.19722018665,253200000,NA,Liège,Liège,4000,4000
682,689,0.00088531242260001,650311.992639304,736608.615038244,650345.206211332,736473.708496494,0.00141534142960001,0.000530029006999999,2020.19675403179,2020.19763934421,253200000,NA,Liège,Liège,4000,4000
682,683,0.00088531242260001,650311.992639304,736608.615038244,650345.206211332,736473.708496494,0.00141534142960001,0.000530029006999999,2020.19675403179,2020.19763934421,253200000,NA,Liège,Liège,4000,4000
683,684,0.01857,650345.206211332,736473.708496494,650838.826422635,735103.369440907,0.0199853414296,0.00141534142960001,2020.19763934421,2020.21620934421,253200000,NA,Liège,Liège,4000,4000
683,686,0.02913,650345.206211332,736473.708496494,661537.073954025,765467.05998989,0.0305453414296,0.00141534142960001,2020.19763934421,2020.22676934421,253200000,NA,Liège,Liège,4000,4851
684,631,0.01056661202,650838.826422635,735103.369440907,642117.712872885,761634.09850029,0.0305519534496,0.0199853414296,2020.21620934421,2020.22677595623,253200000,hCoV-19/Belgium/ULG-0546/2020|EPI_ISL_447135|2020-03-24|Europe,Liège,Liège,4000,4830
684,685,0.02628,650838.826422635,735103.369440907,652992.246642228,732921.592252189,0.0462653414296,0.0199853414296,2020.21620934421,2020.24248934421,253200000,NA,Liège,Liège,4000,4000
685,633,0.00341229508200003,652992.246642228,732921.592252189,652978.464889225,732951.444302295,0.0496776365116,0.0462653414296,2020.24248934421,2020.24590163929,253200000,hCoV-19/Belgium/ULG-10012/2020|EPI_ISL_421190|2020-03-31|Europe,Liège,Liège,4000,4000
685,632,0.01707349727,652992.246642228,732921.592252189,655419.751947923,751721.470468357,0.0633388386996,0.0462653414296,2020.24248934421,2020.25956284148,253200000,hCoV-19/Belgium/ULG-10054/2020|EPI_ISL_424656|2020-04-05|Europe,Liège,Liège,4000,4880
686,634,6.61202187898779e-06,661537.073954025,765467.05998989,661540.311436665,765464.17015304,0.030551953451479,0.0305453414296,2020.22676934421,2020.22677595623,253200000,hCoV-19/Belgium/ULG-0544/2020|EPI_ISL_447134|2020-03-24|Europe,Liège,Liège,4851,4851
686,687,0.01615379891,661537.073954025,765467.05998989,654524.283483776,728056.120330115,0.0466991403396,0.0305453414296,2020.22676934421,2020.24292314312,253200000,NA,Liège,Liège,4851,4432
687,688,0.000236201086900006,654524.283483776,728056.120330115,643627.577332661,718118.175584532,0.0469353414265,0.0466991403396,2020.24292314312,2020.24315934421,253200000,NA,Liège,Liège,4432,4537
687,635,0.00024625573180001,654524.283483776,728056.120330115,654544.91495809,728034.072617971,0.0469453960714,0.0466991403396,2020.24292314312,2020.24316939885,253200000,hCoV-19/Belgium/ULG-10003/2020|EPI_ISL_421183|2020-03-30|Europe,Liège,Liège,4432,4432
688,636,1.00546448600081e-05,643627.577332661,718118.175584532,618309.438390674,791510.066999351,0.04694539607136,0.0469353414265,2020.24315934421,2020.24316939885,253200000,hCoV-19/Belgium/ULG-10011/2020|EPI_ISL_421189|2020-03-30|Europe,Liège,Liège,4537,4760
688,637,1.00546448600081e-05,643627.577332661,718118.175584532,643621.01236439,718117.552540281,0.04694539607136,0.0469353414265,2020.24315934421,2020.24316939885,253200000,hCoV-19/Belgium/ULG-10009/2020|EPI_ISL_421188|2020-03-30|Europe,Liège,Liège,4537,4537
689,690,0.00941256379899999,650345.206211332,736473.708496494,651163.269972858,732870.662980038,0.0108279052286,0.00141534142960001,2020.19763934421,2020.20705190801,253200000,NA,Liège,Liège,4000,4000
689,694,0.01342,650345.206211332,736473.708496494,650679.963707585,735281.795451253,0.0148353414296,0.00141534142960001,2020.19763934421,2020.21105934421,253200000,NA,Liège,Liège,4000,4000
690,693,0.000587436201500008,651163.269972858,732870.662980038,651198.741025208,732875.209998254,0.0114153414301,0.0108279052286,2020.20705190801,2020.20763934421,253200000,NA,Liège,Liège,4000,4000
690,691,0.0354374362,651163.269972858,732870.662980038,648494.609593291,736017.247638974,0.0462653414286,0.0108279052286,2020.20705190801,2020.24248934421,253200000,NA,Liège,Liège,4000,4020
691,638,0.003412295082,648494.609593291,736017.247638974,648476.62299245,736567.85426393,0.0496776365106,0.0462653414286,2020.24248934421,2020.24590163929,253200000,hCoV-19/Belgium/ULG-10035/2020|EPI_ISL_427343|2020-03-31|Europe,Liège,Liège,4020,4020
691,692,0.05163,648494.609593291,736017.247638974,647783.18473382,735570.860849656,0.0978953414286,0.0462653414286,2020.24248934421,2020.29411934421,253200000,NA,Liège,Liège,4020,4020
692,640,0.000962622950700001,647783.18473382,735570.860849656,647766.960564082,735606.998826628,0.0988579643793,0.0978953414286,2020.29411934421,2020.29508196716,253200000,hCoV-19/Belgium/ULG-10158/2020|EPI_ISL_447153|2020-04-18|Europe,Liège,Liège,4020,4020
692,639,0.05833967213,647783.18473382,735570.860849656,648268.96289455,734288.817975561,0.1562350135586,0.0978953414286,2020.29411934421,2020.35245901634,253200000,hCoV-19/Belgium/ULG-10176/2020|EPI_ISL_455964|2020-05-09|Europe,Liège,Liège,4020,4000
693,642,0.05738797814,651198.741025208,732875.209998254,643669.62961375,723282.663836078,0.0688033195701,0.0114153414301,2020.20763934421,2020.26502732235,253200000,hCoV-19/Belgium/ULG-10117/2020|EPI_ISL_427365|2020-04-07|Europe,Liège,Liège,4000,4400
693,641,1.09289617699904e-05,651198.741025208,732875.209998254,651186.658318287,732800.917937032,0.01142627039187,0.0114153414301,2020.20763934421,2020.20765027317,253200000,hCoV-19/Belgium/JBE-0317326/2020|EPI_ISL_462180|2020-03-17|Europe,Liège,Liège,4000,4000
694,695,0.00816,650679.963707585,735281.795451253,650720.011973988,735068.299250357,0.0229953414296,0.0148353414296,2020.21105934421,2020.21921934421,253200000,NA,Liège,Liège,4000,4000
694,702,0.00204000000000001,650679.963707585,735281.795451253,650693.309861875,735211.814806029,0.0168753414296,0.0148353414296,2020.21105934421,2020.21309934421,253200000,NA,Liège,Liège,4000,4000
695,696,0.00208,650720.011973988,735068.299250357,642429.938462636,733373.70492932,0.0250753414296,0.0229953414296,2020.21921934421,2020.22129934421,253200000,NA,Liège,Liège,4000,4102
695,697,0.01167559913,650720.011973988,735068.299250357,650610.228962623,734774.410021388,0.0346709405596,0.0229953414296,2020.21921934421,2020.23089494334,253200000,NA,Liège,Liège,4000,4000
696,643,1.21311476299901e-05,642429.938462636,733373.70492932,642439.23091143,733337.073627612,0.02508747257723,0.0250753414296,2020.22129934421,2020.22131147536,253200000,hCoV-19/Belgium/ULG-9694/2020|EPI_ISL_418654|2020-03-22|Europe,Liège,Liège,4102,4102
696,644,1.21311476299901e-05,642429.938462636,733373.70492932,649022.046887428,735830.899356305,0.02508747257723,0.0250753414296,2020.22129934421,2020.22131147536,253200000,hCoV-19/Belgium/ULG-9732/2020|EPI_ISL_418660|2020-03-22|Europe,Liège,Liège,4102,4020
697,699,0.000444400874299977,650610.228962623,734774.410021388,650670.922804022,733790.882059122,0.0351153414339,0.0346709405596,2020.23089494334,2020.23133934421,253200000,NA,Liège,Liège,4000,4000
697,698,0.00956679037799998,650610.228962623,734774.410021388,653012.739939432,717281.573449654,0.0442377309376,0.0346709405596,2020.23089494334,2020.24046173372,253200000,NA,Liège,Liège,4000,4350
698,645,0.00270766514199999,653012.739939432,717281.573449654,653005.495667378,717296.315628583,0.0469453960796,0.0442377309376,2020.24046173372,2020.24316939886,253200000,hCoV-19/Belgium/MFM-0330363/2020|EPI_ISL_462217|2020-03-30|Europe,Liège,Liège,4350,4350
699,700,0.01159,650670.922804022,733790.882059122,650621.58410232,733885.028059011,0.0467053414339,0.0351153414339,2020.23133934421,2020.24292934421,253200000,NA,Liège,Liège,4000,4000
699,647,0.01183005464,650670.922804022,733790.882059122,650074.658520355,732925.917741857,0.0469453960739,0.0351153414339,2020.23133934421,2020.24316939885,253200000,hCoV-19/Belgium/SAA-0330367/2020|EPI_ISL_462221|2020-03-30|Europe,Liège,Liège,4000,4430
700,648,0.1259231148,650621.58410232,733885.028059011,646177.473320779,739567.139784124,0.1726284562339,0.0467053414339,2020.24292934421,2020.36885245901,253200000,hCoV-19/Belgium/ULG-10222/2020|EPI_ISL_498128|2020-05-15|Europe,Liège,Liège,4000,4032
700,701,0.01869,650621.58410232,733885.028059011,650641.043695191,733788.76938867,0.0653953414339,0.0467053414339,2020.24292934421,2020.26161934421,253200000,NA,Liège,Liège,4000,4000
701,649,0.003407978142,650641.043695191,733788.76938867,650438.407100341,733303.641877036,0.0688033195759,0.0653953414339,2020.26161934421,2020.26502732235,253200000,hCoV-19/Belgium/ULG-10126/2020|EPI_ISL_427372|2020-04-07|Europe,Liège,Liège,4000,4430
701,650,0.003407978142,650641.043695191,733788.76938867,652069.028035781,739415.523437937,0.0688033195759,0.0653953414339,2020.26161934421,2020.26502732235,253200000,hCoV-19/Belgium/ULG-10106/2020|EPI_ISL_427357|2020-04-07|Europe,Liège,Liège,4000,4040
702,651,1.54098360199972e-05,650693.309861875,735211.814806029,650691.572772416,735213.85554444,0.01689075126562,0.0168753414296,2020.21309934421,2020.21311475404,253200000,hCoV-19/Belgium/ULG-8617/2020|EPI_ISL_418639|2020-03-19|Europe,Liège,Liège,4000,4000
702,703,0.02969962447,650693.309861875,735211.814806029,650918.737705971,737161.204527055,0.0465749658996,0.0168753414296,2020.21309934421,2020.24279896868,253200000,NA,Liège,Liège,4000,4000
703,704,0.000830557438499996,650918.737705971,737161.204527055,651388.106133569,737239.674604467,0.0474055233381,0.0465749658996,2020.24279896868,2020.24362952612,253200000,NA,Liège,Liège,4000,4041
703,652,0.003102670611,650918.737705971,737161.204527055,647090.415970907,706439.185662058,0.0496776365106,0.0465749658996,2020.24279896868,2020.24590163929,253200000,hCoV-19/Belgium/ULG-10026/2020|EPI_ISL_421200|2020-03-31|Europe,Liège,Liège,4000,4261
704,705,0.000579818090099993,651388.106133569,737239.674604467,651291.489792187,737036.945011892,0.0479853414282,0.0474055233381,2020.24362952612,2020.24420934421,253200000,NA,Liège,Liège,4041,4041
704,706,0.02116176492,651388.106133569,737239.674604467,651507.582021472,737481.891997927,0.0685672882581,0.0474055233381,2020.24362952612,2020.26479129104,253200000,NA,Liège,Liège,4041,4040
705,654,0.05087262295,651291.489792187,737036.945011892,652939.566840802,732999.55382527,0.0988579643782,0.0479853414282,2020.24420934421,2020.29508196716,253200000,hCoV-19/Belgium/ULG-10147/2020|EPI_ISL_447144|2020-04-18|Europe,Liège,Liège,4041,4000
705,653,0.05087262295,651291.489792187,737036.945011892,650193.519819639,738309.606934379,0.0988579643782,0.0479853414282,2020.24420934421,2020.29508196716,253200000,hCoV-19/Belgium/ULG-10148/2020|EPI_ISL_447145|2020-04-18|Europe,Liège,Liège,4041,4040
706,708,4.80531728200284e-05,651507.582021472,737481.891997927,651531.400559083,737436.554483965,0.06861534143092,0.0685672882581,2020.26479129104,2020.26483934421,253200000,NA,Liège,Liège,4040,4040
706,707,4.80531728200284e-05,651507.582021472,737481.891997927,651531.400559083,737436.554483965,0.06861534143092,0.0685672882581,2020.26479129104,2020.26483934421,253200000,NA,Liège,Liège,4040,4040
707,655,0.03024262295,651531.400559083,737436.554483965,651052.469490862,741227.239603505,0.09885796438092,0.06861534143092,2020.26483934421,2020.29508196716,253200000,hCoV-19/Belgium/ULG-10149/2020|EPI_ISL_447146|2020-04-18|Europe,Liège,Liège,4040,4020
707,656,0.1258710383,651531.400559083,737436.554483965,654902.991216636,738064.71358423,0.19448637973092,0.06861534143092,2020.26483934421,2020.39071038251,253200000,hCoV-19/Belgium/ULG-10220/2020|EPI_ISL_484708|2020-05-23,Liège,Liège,4040,4040
708,710,0.03023,651531.400559083,737436.554483965,650906.675521297,738085.325137455,0.09884534143092,0.06861534143092,2020.26483934421,2020.29506934421,253200000,NA,Liège,Liège,4040,4040
708,709,0.10673,651531.400559083,737436.554483965,652103.565654959,737654.743171444,0.17534534143092,0.06861534143092,2020.26483934421,2020.37156934421,253200000,NA,Liège,Liège,4040,4040
709,658,1.53551911599992e-05,652103.565654959,737654.743171444,652092.232967127,737668.889925858,0.17536069662208,0.17534534143092,2020.37156934421,2020.3715846994,253200000,hCoV-19/Belgium/ULG-10229/2020|EPI_ISL_498135|2020-05-16|Europe,Liège,Liège,4040,4040
709,657,0.01094431694,652103.565654959,737654.743171444,655142.302482742,738687.755818288,0.18628965837092,0.17534534143092,2020.37156934421,2020.38251366115,253200000,hCoV-19/Belgium/ULG-10194/2020|EPI_ISL_471429|2020-05-20|Europe,Liège,Liège,4040,4040
710,659,1.26229507200065e-05,650906.675521297,738085.325137455,650902.452738169,738157.730208173,0.09885796438164,0.09884534143092,2020.29506934421,2020.29508196716,253200000,hCoV-19/Belgium/ULG-10160/2020|EPI_ISL_447155|2020-04-18|Europe,Liège,Liège,4040,4040
710,711,0.02906242521,650906.675521297,738085.325137455,650593.710523626,737584.096822948,0.12790776664092,0.09884534143092,2020.29506934421,2020.32413176942,253200000,NA,Liège,Liège,4040,4000
711,712,0.03104757479,650593.710523626,737584.096822948,655954.322022263,740261.749617905,0.15895534143092,0.12790776664092,2020.32413176942,2020.35517934421,253200000,NA,Liège,Liège,4000,4680
711,713,0.000127574795000002,650593.710523626,737584.096822948,650596.705981987,737562.298288171,0.12803534143592,0.12790776664092,2020.32413176942,2020.32425934421,253200000,NA,Liège,Liège,4000,4000
712,660,1.19125681700138e-05,655954.322022263,740261.749617905,655951.713486153,740268.04660293,0.15896725399909,0.15895534143092,2020.35517934421,2020.35519125678,253200000,hCoV-19/Belgium/ULG-10184/2020|EPI_ISL_455972|2020-05-10|Europe,Liège,Liège,4680,4680
712,661,1.19125681700138e-05,655954.322022263,740261.749617905,642977.582030256,725101.023329013,0.15896725399909,0.15895534143092,2020.35517934421,2020.35519125678,253200000,hCoV-19/Belgium/ULG-10218/2020|EPI_ISL_484706|2020-05-10|Europe,Liège,Liège,4680,4400
713,662,0.03093191257,650596.705981987,737562.298288171,650294.214474954,737714.627923163,0.15896725400592,0.12803534143592,2020.32425934421,2020.35519125679,253200000,hCoV-19/Belgium/ULG-10182/2020|EPI_ISL_455970|2020-05-10|Europe,Liège,Liège,4000,4040
713,714,4.00000000000122e-05,650596.705981987,737562.298288171,650603.854688828,737552.536435076,0.12807534143592,0.12803534143592,2020.32425934421,2020.32429934421,253200000,NA,Liège,Liège,4000,4000
714,716,0.02541,650603.854688828,737552.536435076,656043.966368615,738548.091312267,0.15348534143592,0.12807534143592,2020.32429934421,2020.34970934421,253200000,NA,Liège,Liège,4000,4680
714,715,0.03088,650603.854688828,737552.536435076,637670.221067118,718182.178592525,0.15895534143592,0.12807534143592,2020.32429934421,2020.35517934422,253200000,NA,Liège,Liège,4000,4540
715,664,1.19125681700138e-05,637670.221067118,718182.178592525,637677.634243403,718181.267877795,0.15896725400409,0.15895534143592,2020.35517934422,2020.35519125678,253200000,hCoV-19/Belgium/ULG-10181/2020|EPI_ISL_455969|2020-05-10|Europe,Liège,Liège,4540,4540
715,663,0.01640535519,637670.221067118,718182.178592525,654235.275007859,739454.897673903,0.17536069662592,0.15895534143592,2020.35517934422,2020.37158469941,253200000,hCoV-19/Belgium/ULG-10228/2020|EPI_ISL_498134|2020-05-16|Europe,Liège,Liège,4540,4040
716,665,1.74316939199892e-05,656043.966368615,738548.091312267,656049.819892579,738514.864155637,0.15350277312984,0.15348534143592,2020.34970934421,2020.34972677591,253200000,hCoV-19/Belgium/ULG-10172/2020|EPI_ISL_455960|2020-05-08|Europe,Liège,Liège,4680,4680
716,717,0.0167,656043.966368615,738548.091312267,653917.931359111,739262.569100111,0.17018534143592,0.15348534143592,2020.34970934421,2020.36640934421,253200000,NA,Liège,Liège,4680,4040
717,718,0.00242000000000001,653917.931359111,739262.569100111,656853.453182131,747582.361093732,0.17260534143592,0.17018534143592,2020.36640934421,2020.36882934421,253200000,NA,Liège,Liège,4040,4607
717,719,0.00256000000000001,653917.931359111,739262.569100111,654043.322670554,739722.867249139,0.17274534143592,0.17018534143592,2020.36640934421,2020.36896934421,253200000,NA,Liège,Liège,4040,4040
718,667,2.31147540299959e-05,656853.453182131,747582.361093732,648813.35994204,753010.009776652,0.17262845618995,0.17260534143592,2020.36882934421,2020.36885245897,253200000,hCoV-19/Belgium/ULG-10225/2020|EPI_ISL_498131|2020-05-15|Europe,Liège,Liège,4607,4650
718,666,2.31147540299959e-05,656853.453182131,747582.361093732,656851.221150313,747585.680946516,0.17262845618995,0.17260534143592,2020.36882934421,2020.36885245897,253200000,hCoV-19/Belgium/ULG-10224/2020|EPI_ISL_498130|2020-05-15|Europe,Liège,Liège,4607,4607
719,720,0.00259999999999999,654043.322670554,739722.867249139,654041.562209059,739779.072132382,0.17534534143592,0.17274534143592,2020.36896934421,2020.37156934422,253200000,NA,Liège,Liège,4040,4040
719,721,0.00259999999999999,654043.322670554,739722.867249139,654041.562209059,739779.072132382,0.17534534143592,0.17274534143592,2020.36896934421,2020.37156934422,253200000,NA,Liège,Liège,4040,4040
720,669,1.53551911599992e-05,654041.562209059,739779.072132382,651085.406513947,741134.087894532,0.17536069662708,0.17534534143592,2020.37156934422,2020.37158469941,253200000,hCoV-19/Belgium/ULG-10230/2020|EPI_ISL_498136|2020-05-16|Europe,Liège,Liège,4040,4020
720,668,1.53551911599992e-05,654041.562209059,739779.072132382,654087.24622225,739772.178176799,0.17536069662708,0.17534534143592,2020.37156934422,2020.37158469941,253200000,hCoV-19/Belgium/ULG-10231/2020|EPI_ISL_498137|2020-05-16|Europe,Liège,Liège,4040,4040
721,670,1.53551911599992e-05,654041.562209059,739779.072132382,651596.579711977,737785.185851139,0.17536069662708,0.17534534143592,2020.37156934422,2020.37158469941,253200000,hCoV-19/Belgium/ULG-10227/2020|EPI_ISL_498133|2020-05-16|Europe,Liège,Liège,4040,4040
721,722,0.01639,654041.562209059,739779.072132382,657098.916038046,736787.161209406,0.19173534143592,0.17534534143592,2020.37156934422,2020.38795934422,253200000,NA,Liège,Liège,4040,4680
722,671,1.87978141399925e-05,657098.916038046,736787.161209406,657053.507162763,736879.860493087,0.19175413925006,0.19173534143592,2020.38795934422,2020.38797814203,253200000,hCoV-19/Belgium/ULG-10199/2020|EPI_ISL_471434|2020-05-22|Europe,Liège,Liège,4680,4680
722,672,0.00275103825100001,657098.916038046,736787.161209406,648975.383414324,748306.380560419,0.19448637968692,0.19173534143592,2020.38795934422,2020.39071038247,253200000,hCoV-19/Belgium/ULG-10200/2020|EPI_ISL_471435|2020-05-23|Europe,Liège,Liège,4680,4633
723,724,0.000235011357699988,649709.09340727,737486.604760794,642665.146153978,733991.62831102,0.00123119522939999,0.000996183871700002,2020.19722018665,2020.19745519801,253200000,NA,Liège,Liège,4000,4102
723,727,0.000386136773700002,649709.09340727,737486.604760794,649773.549348242,737398.29319717,0.0013823206454,0.000996183871700002,2020.19722018665,2020.19760632342,253200000,NA,Liège,Liège,4000,4000
724,725,0.000184146200200019,642665.146153978,733991.62831102,642740.997851399,733931.819645662,0.00141534142960001,0.00123119522939999,2020.19745519801,2020.19763934421,253200000,NA,Liège,Liège,4102,4102
724,726,0.000184146200200019,642665.146153978,733991.62831102,642740.997851399,733931.819645662,0.00141534142960001,0.00123119522939999,2020.19745519801,2020.19763934421,253200000,NA,Liège,Liège,4102,4102
725,673,0.0646557377,642740.997851399,733931.819645662,645011.191904044,730173.711729024,0.0660710791296,0.00141534142960001,2020.19763934421,2020.26229508191,253200000,hCoV-19/Belgium/ULG-10097/2020|EPI_ISL_427348|2020-04-06|Europe,Liège,Liège,4102,4100
725,674,0.02367213115,642740.997851399,733931.819645662,627393.444302658,735780.773923255,0.0250874725796,0.00141534142960001,2020.19763934421,2020.22131147536,253200000,hCoV-19/Belgium/ULG-9620/2020|EPI_ISL_418650|2020-03-22|Europe,Liège,Liège,4102,4180
726,675,0.0646557377,642740.997851399,733931.819645662,640916.276084569,735626.690558339,0.0660710791296,0.00141534142960001,2020.19763934421,2020.26229508191,253200000,hCoV-19/Belgium/ULG-10103/2020|EPI_ISL_427354|2020-04-06|Europe,Liège,Liège,4102,4130
726,676,0.00181420764999998,642740.997851399,733931.819645662,642694.970943004,733883.147466772,0.00322954907959999,0.00141534142960001,2020.19763934421,2020.19945355186,253200000,hCoV-19/Belgium/ULG-6732/2020|EPI_ISL_418623|2020-03-14|Europe,Liège,Liège,4102,4102
727,728,3.30207841600094e-05,649773.549348242,737398.29319717,649764.322342419,737402.807100395,0.00141534142956001,0.0013823206454,2020.19760632342,2020.19763934421,253200000,NA,Liège,Liège,4000,4000
727,729,3.30207841600094e-05,649773.549348242,737398.29319717,649764.322342419,737402.807100395,0.00141534142956001,0.0013823206454,2020.19760632342,2020.19763934421,253200000,NA,Liège,Liège,4000,4000
728,678,0.05919125683,649764.322342419,737402.807100395,647478.78394858,748163.729334162,0.06060659825956,0.00141534142956001,2020.19763934421,2020.25683060104,253200000,hCoV-19/Belgium/ULG-10085/2020|EPI_ISL_424645|2020-04-04|Europe,Liège,Liège,4000,4630
728,677,0.0646557377,649764.322342419,737402.807100395,648116.802289914,740570.817911287,0.06607107912956,0.00141534142956001,2020.19763934421,2020.26229508191,253200000,hCoV-19/Belgium/ULG-10098/2020|EPI_ISL_427349|2020-04-06|Europe,Liège,Liège,4000,4020
729,680,0.00181420764999998,649764.322342419,737402.807100395,649780.964201996,737308.649793891,0.00322954907956,0.00141534142956001,2020.19763934421,2020.19945355186,253200000,hCoV-19/Belgium/ULG-6670/2020|EPI_ISL_417018|2020-03-14|Europe,Liège,Liège,4000,4000
729,679,0.06738797814,649764.322342419,737402.807100395,642405.863328596,730133.177796721,0.06880331956956,0.00141534142956001,2020.19763934421,2020.26502732235,253200000,hCoV-19/Belgium/ULG-10130/2020|EPI_ISL_427375|2020-04-07|Europe,Liège,Liège,4000,4100
767,768,0.02368926234,659282.628823129,746041.816790276,659200.230488277,746134.605621014,0.0250600869754,0.0013708246354,2020.1491634001,2020.17285266244,253200000,NA,Liège,Liège,4607,4607
768,774,7.88204984699947e-05,659200.230488277,746134.605621014,659185.71379544,746185.424352409,0.02513890747387,0.0250600869754,2020.17285266244,2020.17293148294,253200000,NA,Liège,Liège,4607,4607
768,769,0.000179660678500004,659200.230488277,746134.605621014,659215.181655439,746119.473270879,0.0252397476539,0.0250600869754,2020.17285266244,2020.17303232312,253200000,NA,Liège,Liège,4607,4607
769,770,0.000737021149399997,659215.181655439,746119.473270879,659243.299160006,746124.098027935,0.0259767688033,0.0252397476539,2020.17303232312,2020.17376934427,253200000,NA,Liège,Liège,4607,4607
769,771,0.000737021149399997,659215.181655439,746119.473270879,659243.299160006,746124.098027935,0.0259767688033,0.0252397476539,2020.17303232312,2020.17376934427,253200000,NA,Liège,Liège,4607,4607
770,735,0.04207765027,659243.299160006,746124.098027935,646441.937504727,768234.785392941,0.0680544190733,0.0259767688033,2020.17376934427,2020.21584699454,253200000,hCoV-19/Belgium/ULG-8937/2020|EPI_ISL_447122|2020-03-20|Europe,Liège,Liège,4607,4700
771,772,0.01201,659243.299160006,746124.098027935,625985.650743134,784711.356846034,0.0379867688033,0.0259767688033,2020.17376934427,2020.18577934427,253200000,NA,Liège,Liège,4607,4761
772,737,0.05739005464,625985.650743134,784711.356846034,625864.42351229,784894.241787152,0.0953768234433,0.0379867688033,2020.18577934427,2020.24316939891,253200000,hCoV-19/Belgium/ULG-10007/2020|EPI_ISL_421186|2020-03-30|Europe,Liège,Liège,4761,4761
772,738,1.30054645300082e-05,625985.650743134,784711.356846034,608642.562511083,753888.42691601,0.03799977426783,0.0379867688033,2020.18577934427,2020.18579234973,253200000,hCoV-19/Belgium/ULG-4163/2020|EPI_ISL_417013|2020-03-09|Europe,Liège,Liège,4761,4990
774,778,0.00464786132900002,659185.71379544,746185.424352409,659079.288672335,746286.250320975,0.02978676880287,0.02513890747387,2020.17293148294,2020.17757934427,253200000,NA,Liège,Liège,4607,4607
774,775,0.000837861329400003,659185.71379544,746185.424352409,659088.940606473,745778.719544861,0.02597676880327,0.02513890747387,2020.17293148294,2020.17376934427,253200000,NA,Liège,Liège,4607,4607
775,776,0.02051,659088.940606473,745778.719544861,649383.667516225,735384.524949986,0.04648676880327,0.02597676880327,2020.17376934427,2020.19427934427,253200000,NA,Liège,Liège,4607,4000
776,742,0.02703213115,649383.667516225,735384.524949986,651010.520577775,733690.82151758,0.07351889995327,0.04648676880327,2020.19427934427,2020.22131147542,253200000,hCoV-19/Belgium/ULG-9719/2020|EPI_ISL_418658|2020-03-22,Liège,Liège,4000,4000
776,777,0.00516,649383.667516225,735384.524949986,649320.242281887,735369.400665223,0.05164676880327,0.04648676880327,2020.19427934427,2020.19943934427,253200000,NA,Liège,Liège,4000,4000
777,744,0.04646229508,649320.242281887,735369.400665223,649668.084098563,735267.096094074,0.09810906388327,0.05164676880327,2020.19943934427,2020.24590163935,253200000,hCoV-19/Belgium/ULG-10034/2020|EPI_ISL_427342|2020-03-31|Europe,Liège,Liège,4000,4000
777,743,1.42076501599697e-05,649320.242281887,735369.400665223,647895.529856932,768945.447060691,0.05166097645343,0.05164676880327,2020.19943934427,2020.19945355192,253200000,hCoV-19/Belgium/ULG-6754/2020|EPI_ISL_417019|2020-03-14|Europe,Liège,Liège,4000,4700
778,779,0.01722,659079.288672335,746286.250320975,644049.918573598,743034.868551956,0.04700676880287,0.02978676880287,2020.17757934427,2020.19479934427,253200000,NA,Liège,Liège,4607,4623
778,745,1.62841529299795e-05,659079.288672335,746286.250320975,659108.47011175,746278.632218476,0.0298030529558,0.02978676880287,2020.17757934427,2020.17759562842,253200000,hCoV-19/Belgium/VHC-030655/2020|EPI_ISL_420449|2020-03-06|Europe,Liège,Liège,4607,4607
779,746,0.001921967213,644049.918573598,743034.868551956,644045.529197585,743071.499820372,0.04892873601587,0.04700676880287,2020.19479934427,2020.19672131148,253200000,hCoV-19/Belgium/ULG-6503/2020|EPI_ISL_417016|2020-03-13|Europe,Liège,Liège,4623,4623
779,780,0.00545999999999999,644049.918573598,743034.868551956,630150.284090459,771635.171362992,0.05246676880287,0.04700676880287,2020.19479934427,2020.20025934427,253200000,NA,Liège,Liège,4623,4960
780,747,0.00192644808800002,630150.284090459,771635.171362992,630015.252961257,771712.477603348,0.05439321689087,0.05246676880287,2020.20025934427,2020.20218579235,253200000,hCoV-19/Belgium/ULG-6972/2020|EPI_ISL_418624|2020-03-15|Europe,Liège,Liège,4960,4960
780,781,0.0117,630150.284090459,771635.171362992,648003.785335528,765878.501986902,0.06416676880287,0.05246676880287,2020.20025934427,2020.21195934427,253200000,NA,Liège,Liège,4960,4837
781,782,0.000650000000000012,648003.785335528,765878.501986902,647997.562290494,765865.891063874,0.06481676880287,0.06416676880287,2020.21195934427,2020.21260934427,253200000,NA,Liège,Liège,4837,4837
782,749,0.01143437158,647997.562290494,765865.891063874,647466.566636008,766242.015354648,0.07625114038287,0.06481676880287,2020.21260934427,2020.22404371585,253200000,hCoV-19/Belgium/ULG-0174/2020|EPI_ISL_447125|2020-03-23|Europe,Liège,Liège,4837,4700
785,751,2.43715847499937e-05,644578.109778844,781800.816865532,644584.41461474,781814.597038596,0.07625114038762,0.07622676880287,2020.22401934427,2020.22404371585,253200000,hCoV-19/Belgium/ULG-0191/2020|EPI_ISL_447131|2020-03-23|Europe,Liège,Liège,4700,4700
785,752,2.43715847499937e-05,644578.109778844,781800.816865532,639634.732404815,776359.480173426,0.07625114038762,0.07622676880287,2020.22401934427,2020.22404371585,253200000,hCoV-19/Belgium/ULG-0182/2020|EPI_ISL_447126|2020-03-23|Europe,Liège,Liège,4700,4700
786,787,0.000322677216299999,629522.337481907,753575.975042909,629464.985700206,753631.862438325,0.08294676879917,0.08262409158287,2020.23041666705,2020.23073934426,253200000,NA,Liège,Liège,4900,4900
787,754,0.02882349727,629464.985700206,753631.862438325,624942.800448669,763745.068486388,0.11177026606917,0.08294676879917,2020.23073934426,2020.25956284153,253200000,hCoV-19/Belgium/ULG-10058/2020|EPI_ISL_424653|2020-04-05|Europe,Liège,Liège,4900,4970
787,788,0.0281557324,629464.985700206,753631.862438325,629470.931060073,753433.072390377,0.11110250119917,0.08294676879917,2020.23073934426,2020.25889507666,253200000,NA,Liège,Liège,4900,4900
788,755,0.000667764865599996,629470.931060073,753433.072390377,629452.59954094,753439.800581145,0.11177026606477,0.11110250119917,2020.25889507666,2020.25956284153,253200000,hCoV-19/Belgium/ULG-10051/2020|EPI_ISL_424660|2020-04-05|Europe,Liège,Liège,4900,4900
788,789,0.000634267598000005,629470.931060073,753433.072390377,630517.614958028,754123.851512211,0.11173676879717,0.11110250119917,2020.25889507666,2020.25952934426,253200000,NA,Liège,Liège,4900,4900
789,756,0.09839415301,630517.614958028,754123.851512211,646054.875357883,753205.192016931,0.21013092180717,0.11173676879717,2020.25952934426,2020.35792349727,253200000,hCoV-19/Belgium/ULG-10188/2020|EPI_ISL_455976|2020-05-11|Europe,Liège,Liège,4900,4800
789,757,0.005497978142,630517.614958028,754123.851512211,630310.921467868,754297.545739076,0.11723474693917,0.11173676879717,2020.25952934426,2020.2650273224,253200000,hCoV-19/Belgium/ULG-10115/2020|EPI_ISL_427364|2020-04-07|Europe,Liège,Liège,4900,4900
807,808,0.02145,650294.998844343,737925.606947298,649746.701186522,738961.458619862,0.0734395071316,0.0519895071316,2020.20677934427,2020.22822934427,253200000,NA,Liège,Liège,4040,4020
807,809,0.00633,650294.998844343,737925.606947298,650127.153723083,738592.358239566,0.0583195071316,0.0519895071316,2020.20677934427,2020.21310934427,253200000,NA,Liège,Liège,4040,4000
808,794,0.129694153,649746.701186522,738961.458619862,638989.18291845,761360.034032938,0.2031336601316,0.0734395071316,2020.22822934427,2020.35792349727,253200000,hCoV-19/Belgium/ULG-10189/2020|EPI_ISL_455977|2020-05-11|Europe,Liège,Liège,4020,4845
808,795,0.02586901639,649746.701186522,738961.458619862,647598.915072388,738661.363071513,0.0993085235216,0.0734395071316,2020.22822934427,2020.25409836066,253200000,hCoV-19/Belgium/ULG-10084/2020|EPI_ISL_424638|2020-04-03|Europe,Liège,Liège,4020,4030
809,796,5.40983602098644e-06,650127.153723083,738592.358239566,650127.120014178,738591.719904084,0.058324916967621,0.0583195071316,2020.21310934427,2020.21311475411,253200000,hCoV-19/Belgium/ULG-8664/2020|EPI_ISL_418641|2020-03-19|Europe,Liège,Liège,4000,4000
811,798,0.05162262295,649757.683271952,738629.487696644,636355.769663607,733445.124115361,0.1402921300816,0.0886695071316,2020.24345934427,2020.29508196722,253200000,hCoV-19/Belgium/ULG-10161/2020|EPI_ISL_447143|2020-04-18|Europe,Liège,Liège,4020,4122
811,799,0.002442295082,649757.683271952,738629.487696644,649535.054973742,739120.151560078,0.0911118022136,0.0886695071316,2020.24345934427,2020.24590163935,253200000,hCoV-19/Belgium/ULG-10015/2020|EPI_ISL_421193|2020-03-31|Europe,Liège,Liège,4020,4020
826,827,0.000276323875500001,643732.631275878,725165.290875778,643714.276980603,725205.976497092,0.1372499999755,0.1369736761,2020.34817302038,2020.34844934426,253200000,NA,Liège,Liège,4400,4400
827,822,0.03406431694,643714.276980603,725205.976497092,640735.366049463,729888.886815174,0.1713143169155,0.1372499999755,2020.34844934426,2020.3825136612,253200000,hCoV-19/Belgium/ULG-10192/2020|EPI_ISL_471427|2020-05-20|Europe,Liège,Liège,4400,4100
827,823,0.02313535519,643714.276980603,725205.976497092,643959.125843804,723782.03683467,0.1603853551655,0.1372499999755,2020.34844934426,2020.37158469945,253200000,hCoV-19/Belgium/ULG-10233/2020|EPI_ISL_498139|2020-05-16|Europe,Liège,Liège,4400,4400
879,880,0.000148810646800002,633091.387668501,745836.005314785,633079.934543345,745869.62178177,0.000148810646800002,0,2020.68836053358,2020.68850934423,253200000,NA,Liège,Liège,4920,4920
879,882,0.000148810646800002,633091.387668501,745836.005314785,633079.934543345,745869.62178177,0.000148810646800002,0,2020.68836053358,2020.68850934423,253200000,NA,Liège,Liège,4920,4920
880,870,0.1284305464,633079.934543345,745869.62178177,644619.059874618,759363.446013822,0.1285793570468,0.000148810646800002,2020.68850934423,2020.81693989063,253200000,hCoV-19/Belgium/ULG-10647/2020|EPI_ISL_636625|2020-10-26|Europe,Liège,Liège,4920,4801
880,881,0.01527,633079.934543345,745869.62178177,632935.613141517,705960.94401443,0.0154188106468,0.000148810646800002,2020.68850934423,2020.70377934423,253200000,NA,Liège,Liège,4920,4500
881,871,0.00933540983599999,632935.613141517,705960.94401443,633124.316813329,705473.876204064,0.0247542204828,0.0154188106468,2020.70377934423,2020.71311475407,253200000,hCoV-19/Belgium/ULG-10735/2020|EPI_ISL_641577|2020-09-18|Europe,Liège,Liège,4500,4500
881,872,0.00933540983599999,632935.613141517,705960.94401443,629911.654660206,706789.666844215,0.0247542204828,0.0154188106468,2020.70377934423,2020.71311475407,253200000,hCoV-19/Belgium/ULG-10732/2020|EPI_ISL_641574|2020-09-18|Europe,Liège,Liège,4500,4500
882,883,0.00844,633079.934543345,745869.62178177,633230.376344897,742807.494050517,0.0085888106468,0.000148810646800002,2020.68850934423,2020.69694934423,253200000,NA,Liège,Liège,4920,4140
882,885,0.00248000000000001,633079.934543345,745869.62178177,633134.50718503,742202.226624949,0.00262881064680001,0.000148810646800002,2020.68850934423,2020.69098934423,253200000,NA,Liège,Liège,4920,4140
883,873,0.1363839891,633230.376344897,742807.494050517,661692.444680689,760324.545778846,0.1449727997468,0.0085888106468,2020.69694934423,2020.83333333333,253200000,hCoV-19/Belgium/ULG-10772/2020|EPI_ISL_644618|2020-11-01|Europe,Liège,Liège,4140,4851
885,886,0.02485,633134.50718503,742202.226624949,649591.76743399,737845.825345723,0.0274788106468,0.00262881064680001,2020.69098934423,2020.71583934423,253200000,NA,Liège,Liège,4140,4020
885,876,0.03578661202,633134.50718503,742202.226624949,633034.571194802,741853.980432058,0.0384154226668,0.00262881064680001,2020.69098934423,2020.72677595625,253200000,hCoV-19/Belgium/ULG-10478/2020|EPI_ISL_581646|2020-09-23|Europe,Liège,Liège,4140,4140
886,878,7.65027314700295e-06,649591.76743399,737845.825345723,649595.04128069,737845.259612598,0.027486460919947,0.0274788106468,2020.71583934423,2020.7158469945,253200000,hCoV-19/Belgium/ULG-10752/2020|EPI_ISL_641594|2020-09-19|Europe,Liège,Liège,4020,4020
886,877,0.01093661202,649591.76743399,737845.825345723,631588.974873714,741924.583072082,0.0384154226668,0.0274788106468,2020.71583934423,2020.72677595625,253200000,hCoV-19/Belgium/ULG-10477/2020|EPI_ISL_581585|2020-09-23|Europe,Liège,Liège,4020,4140
892,887,0.05790087432,645706.288165303,699067.017175303,645334.42386449,700431.064663935,0.15955598232,0.101655108,2020.80821934426,2020.86612021858,253200000,hCoV-19/Belgium/ULG-10831/2020|EPI_ISL_661249|2020-11-13|Europe,Liège,Liège,4280,4280
892,888,0.05790087432,645706.288165303,699067.017175303,647583.659551453,695557.998440583,0.15955598232,0.101655108,2020.80821934426,2020.86612021858,253200000,hCoV-19/Belgium/ULG-10827/2020|EPI_ISL_661247|2020-11-13|Europe,Liège,Liège,4280,4280
898,895,0.1536898361,637419.623263904,732231.481311591,653086.21312582,737779.768178652,0.154205436244,0.000515600144000011,2020.72335934423,2020.87704918033,253200000,hCoV-19/Belgium/ULG-10799/2020|EPI_ISL_661229|2020-11-17|Europe,Liège,Liège,4122,4040
898,896,0.003416612022,637419.623263904,732231.481311591,637345.56550451,732154.026658062,0.00393221216600001,0.000515600144000011,2020.72335934423,2020.72677595625,253200000,hCoV-19/Belgium/ULG-10495/2020|EPI_ISL_581657|2020-09-23|Europe,Liège,Liège,4122,4122
912,902,0.01704437158,636278.255379457,753722.705815961,636285.071701464,753477.1606734,0.17304039074,0.15599601916,2020.70699934426,2020.72404371584,253200000,hCoV-19/Belgium/ULG-10467/2020|EPI_ISL_581637|2020-09-22|Europe,Liège,Liège,4910,4910
912,913,0.07666,636278.255379457,753722.705815961,650955.527190965,743905.189513026,0.23265601916,0.15599601916,2020.70699934426,2020.78365934426,253200000,NA,Liège,Liège,4910,4671
913,914,0.02166,650955.527190965,743905.189513026,651276.164240447,743893.532422101,0.25431601916,0.23265601916,2020.78365934426,2020.80531934426,253200000,NA,Liège,Liège,4671,4671
913,903,0.03054830601,650955.527190965,743905.189513026,651039.566940927,741622.191566493,0.26320432517,0.23265601916,2020.78365934426,2020.81420765027,253200000,hCoV-19/Belgium/ULG-10631/2020|EPI_ISL_636610|2020-10-25|Europe,Liège,Liège,4671,4020
914,904,0.00342382513700001,651276.164240447,743893.532422101,651721.985411569,742583.536376387,0.257739844297,0.25431601916,2020.80531934426,2020.8087431694,253200000,hCoV-19/Belgium/ULG-10584/2020|EPI_ISL_626298|2020-10-23|Europe,Liège,Liège,4671,4671
914,905,0.00342382513700001,651276.164240447,743893.532422101,646370.814600415,743767.676282966,0.257739844297,0.25431601916,2020.80531934426,2020.8087431694,253200000,hCoV-19/Belgium/ULG-10574/2020|EPI_ISL_626262|2020-10-23|Europe,Liège,Liège,4671,4620
948,943,0.04673382514,632917.482088458,721375.067135319,643556.737179217,744402.729909001,0.04673382514,0,2020.76200934426,2020.8087431694,253200000,hCoV-19/Belgium/ULG-10538/2020|EPI_ISL_626326|2020-10-23|Europe,Liège,Liège,4557,4870
948,949,0.0285,632917.482088458,721375.067135319,629248.365875421,710948.58458436,0.0285,0,2020.76200934426,2020.79050934426,253200000,NA,Liège,Liège,4557,4570
949,944,0.01823382514,629248.365875421,710948.58458436,656178.911985543,729668.069951748,0.04673382514,0.0285,2020.79050934426,2020.8087431694,253200000,hCoV-19/Belgium/ULG-10585/2020|EPI_ISL_626336|2020-10-23|Europe,Liège,Liège,4570,4432
949,950,0.01486,629248.365875421,710948.58458436,630713.036224069,706958.196742298,0.04336,0.0285,2020.79050934426,2020.80536934426,253200000,NA,Liège,Liège,4570,4500
950,945,0.01157054645,630713.036224069,706958.196742298,630760.233035323,705935.329846057,0.05493054645,0.04336,2020.80536934426,2020.81693989071,253200000,hCoV-19/Belgium/ULG-10706/2020|EPI_ISL_636678|2020-10-26|Europe,Liège,Liège,4500,4500
950,951,0.01116,630713.036224069,706958.196742298,631612.293475229,706707.076892311,0.05452,0.04336,2020.80536934426,2020.81652934426,253200000,NA,Liège,Liège,4500,4500
951,946,0.06051983607,631612.293475229,706707.076892311,631168.877691834,706255.908593993,0.11503983607,0.05452,2020.81652934426,2020.87704918033,253200000,hCoV-19/Belgium/ULG-10811/2020|EPI_ISL_661236|2020-11-17|Europe,Liège,Liège,4500,4500
951,947,0.000410546448000003,631612.293475229,706707.076892311,631576.614486213,706711.210301195,0.054930546448,0.05452,2020.81652934426,2020.81693989071,253200000,hCoV-19/Belgium/ULG-10712/2020|EPI_ISL_636683|2020-10-26|Europe,Liège,Liège,4500,4500
967,970,0.00657400038399999,642783.180280633,728488.892486844,643368.92613901,727923.977730691,0.00657400038399999,0,2020.20580934427,2020.21238334465,253200000,NA,Liège,Liège,4400,4400
967,968,0.05374,642783.180280633,728488.892486844,643122.78085169,727774.042742326,0.05374,0,2020.20580934427,2020.25954934427,253200000,NA,Liège,Liège,4400,4400
968,959,1.34972676199829e-05,643122.78085169,727774.042742326,643128.407401739,727461.292078164,0.05375349726762,0.05374,2020.25954934427,2020.25956284153,253200000,hCoV-19/Belgium/ULG-10063/2020|EPI_ISL_424665|2020-04-05|Europe,Liège,Liège,4400,4400
968,969,0.00273,643122.78085169,727774.042742326,642813.210013884,729387.751931422,0.05647,0.05374,2020.25954934427,2020.26227934427,253200000,NA,Liège,Liège,4400,4100
969,961,1.57377049700008e-05,642813.210013884,729387.751931422,642813.552754444,729379.098624398,0.05648573770497,0.05647,2020.26227934427,2020.26229508197,253200000,hCoV-19/Belgium/ULG-10108/2020|EPI_ISL_427359|2020-04-06|Europe,Liège,Liège,4100,4100
969,960,1.57377049700008e-05,642813.210013884,729387.751931422,640110.141490167,731888.832860891,0.05648573770497,0.05647,2020.26227934427,2020.26229508197,253200000,hCoV-19/Belgium/ULG-10107/2020|EPI_ISL_427358|2020-04-06|Europe,Liège,Liège,4100,4100
970,971,0.05760599962,643368.92613901,727923.977730691,655377.657834861,737066.372445862,0.064180000004,0.00657400038399999,2020.21238334465,2020.26998934427,253200000,NA,Liège,Liège,4400,4680
970,973,0.000715999615500007,643368.92613901,727923.977730691,646504.988791257,728765.419568175,0.0072899999995,0.00657400038399999,2020.21238334465,2020.21309934427,253200000,NA,Liège,Liège,4400,4101
971,962,0.02509262295,655377.657834861,737066.372445862,655845.834547298,737698.098149583,0.089272622954,0.064180000004,2020.26998934427,2020.29508196722,253200000,hCoV-19/Belgium/ULG-10155/2020|EPI_ISL_447151|2020-04-18|Europe,Liège,Liège,4680,4680
971,972,0.02507,655377.657834861,737066.372445862,655635.073761081,739956.389343283,0.089250000004,0.064180000004,2020.26998934427,2020.29505934427,253200000,NA,Liège,Liège,4680,4680
972,963,0.07379311475,655635.073761081,739956.389343283,653993.854394291,736917.255106649,0.163043114754,0.089250000004,2020.29505934427,2020.36885245902,253200000,hCoV-19/Belgium/ULG-10208/2020|EPI_ISL_484697|2020-05-15|Europe,Liège,Liège,4680,4041
972,964,2.26229507200026e-05,655635.073761081,739956.389343283,655650.728039086,739910.403297073,0.08927262295472,0.089250000004,2020.29505934427,2020.29508196722,253200000,hCoV-19/Belgium/ULG-10156/2020|EPI_ISL_447152|2020-04-18|Europe,Liège,Liège,4680,4680
973,965,1.54098360199972e-05,646504.988791257,728765.419568175,646498.754328935,728772.80835941,0.00730540983552,0.0072899999995,2020.21309934427,2020.2131147541,253200000,hCoV-19/Belgium/ULG-8634/2020|EPI_ISL_418640|2020-03-19|Europe,Liège,Liège,4101,4101
973,966,0.03280229508,646504.988791257,728765.419568175,647408.238637269,760539.79776428,0.0400922950795,0.0072899999995,2020.21309934427,2020.24590163935,253200000,hCoV-19/Belgium/ULG-10031/2020|EPI_ISL_421205|2020-03-31|Europe,Liège,Liège,4101,4831
1499,981,0.01406092896,638297.338737878,724057.856154258,653756.880624094,734261.835141199,0.0482281640936,0.0341672351336,2020.1935893443,2020.20765027326,253200000,hCoV-19/Belgium/HMM-0317327/2020|EPI_ISL_462181|2020-03-17|Europe,Liège,Liège,4480,4451
1499,982,0.06324125683,638297.338737878,724057.856154258,638289.429016317,724040.817117477,0.0974084919636,0.0341672351336,2020.1935893443,2020.25683060113,253200000,hCoV-19/Belgium/ULG-10092/2020|EPI_ISL_424647|2020-04-04|Europe,Liège,Liège,4480,4480
1502,986,1.54098360199972e-05,651757.662424274,741648.334770833,651744.064496202,741658.471194025,0.05369264496962,0.0536772351336,2020.2130993443,2020.21311475414,253200000,hCoV-19/Belgium/OT-0319109/2020|EPI_ISL_420365|2020-03-19|Europe,Liège,Liège,4020,4020
1515,999,0.0196434972699999,634008.770731895,758212.491324829,633945.740746151,758238.830176841,0.1001407324035,0.0804972351335,2020.2399193443,2020.25956284157,253200000,hCoV-19/Belgium/ULG-10056/2020|EPI_ISL_424655|2020-04-05|Europe,Liège,Liège,4845,4845
1515,1516,0.00268999999999997,634008.770731895,758212.491324829,634060.966419147,758019.634753383,0.0831872351335,0.0804972351335,2020.2399193443,2020.2426093443,253200000,NA,Liège,Liège,4845,4900
1516,1000,0.05520486339,634060.966419147,758019.634753383,647449.650043107,760520.548797087,0.1383920985235,0.0831872351335,2020.2426093443,2020.29781420769,253200000,hCoV-19/Belgium/ULG-10163/2020|EPI_ISL_447157|2020-04-19|Europe,Liège,Liège,4900,4831
1516,1517,0.01115,634060.966419147,758019.634753383,636287.940997229,765909.318121804,0.0943372351335,0.0831872351335,2020.2426093443,2020.2537593443,253200000,NA,Liège,Liège,4900,4845
1517,1518,0.0105799999999999,636287.940997229,765909.318121804,634554.895158011,753469.732145602,0.1049172351335,0.0943372351335,2020.2537593443,2020.2643393443,253200000,NA,Liège,Liège,4845,4910
1517,1001,0.000339016393399949,636287.940997229,765909.318121804,636282.755706651,765903.8448959,0.0946762515269,0.0943372351335,2020.2537593443,2020.25409836069,253200000,hCoV-19/Belgium/ULG-10069/2020|EPI_ISL_424633|2020-04-03|Europe,Liège,Liège,4845,4845
1518,1002,0.0034202185790001,634554.895158011,753469.732145602,634641.772127775,753355.500100618,0.1083374537125,0.1049172351335,2020.2643393443,2020.26775956288,253200000,hCoV-19/Belgium/ULG-10137/2020|EPI_ISL_427382|2020-04-08|Europe,Liège,Liège,4910,4910
1518,1003,0.000687978142100087,634554.895158011,753469.732145602,641346.662420633,754753.6451414,0.1056052132756,0.1049172351335,2020.2643393443,2020.26502732244,253200000,hCoV-19/Belgium/ULG-10111/2020|EPI_ISL_427361|2020-04-07|Europe,Liège,Liège,4910,4800
1523,1524,0.0132,633801.704865651,733841.678568001,633786.121113123,734010.541029076,0.0852872351335,0.0720872351335,2020.2315093443,2020.2447093443,253200000,NA,Liège,Liège,4130,4130
1523,1525,0.0108999999999999,633801.704865651,733841.678568001,633813.789249081,733802.496184137,0.0829872351334999,0.0720872351335,2020.2315093443,2020.2424093443,253200000,NA,Liège,Liège,4130,4130
1525,1009,0.1045851913,633813.789249081,733802.496184137,644866.18597885,735602.530896606,0.1875724264335,0.0829872351334999,2020.2424093443,2020.3469945356,253200000,hCoV-19/Belgium/ULG-10206/2020|EPI_ISL_484695|2020-05-07|Europe,Liège,Liège,4130,4031
1525,1526,0.11277,633813.789249081,733802.496184137,633905.525751816,733970.506241804,0.1957572351335,0.0829872351334999,2020.2424093443,2020.3551793443,253200000,NA,Liège,Liège,4130,4130
1526,1010,0.02186983607,633905.525751816,733970.506241804,636001.339161305,733409.470405932,0.2176270712035,0.1957572351335,2020.3551793443,2020.37704918037,253200000,hCoV-19/Belgium/ULG-10195/2020|EPI_ISL_471430|2020-05-18|Europe,Liège,Liège,4130,4130
1526,1011,1.19125681700138e-05,633905.525751816,733970.506241804,633903.518721289,733969.935838166,0.19576914770167,0.1957572351335,2020.3551793443,2020.35519125687,253200000,hCoV-19/Belgium/ULG-10190/2020|EPI_ISL_455978|2020-05-10|Europe,Liège,Liège,4130,4130
1531,1532,0.0235000000000001,645898.749540515,724629.630923906,647206.752181025,719851.744601459,0.05313723513374,0.0296372351337399,2020.1890593443,2020.2125593443,253200000,NA,Liège,Liège,4400,4460
1531,1535,0.0112000000000001,645898.749540515,724629.630923906,645887.782169832,724655.792487821,0.04083723513374,0.0296372351337399,2020.1890593443,2020.2002593443,253200000,NA,Liège,Liège,4400,4400
1532,1014,0.04427125683,647206.752181025,719851.744601459,647205.116788928,719878.750528854,0.09740849196374,0.05313723513374,2020.2125593443,2020.25683060113,253200000,hCoV-19/Belgium/ULG-10077/2020|EPI_ISL_424642|2020-04-04|Europe,Liège,Liège,4460,4460
1532,1533,0.01147,647206.752181025,719851.744601459,658189.084451872,758920.993382761,0.06460723513374,0.05313723513374,2020.2125593443,2020.2240293443,253200000,NA,Liège,Liège,4460,4852
1533,1534,0.01602,658189.084451872,758920.993382761,653983.440553047,743086.196317295,0.08062723513374,0.06460723513374,2020.2240293443,2020.2400493443,253200000,NA,Liège,Liège,4852,4602
1533,1015,1.43715847499282e-05,658189.084451872,758920.993382761,658189.911709655,758925.546681184,0.0646216067184899,0.06460723513374,2020.2240293443,2020.22404371589,253200000,hCoV-19/Belgium/ULG-0189/2020|EPI_ISL_447129|2020-03-23|Europe,Liège,Liège,4852,4852
1534,1017,0.0249779781399999,653983.440553047,743086.196317295,653982.028004491,743217.150568046,0.10560521327374,0.08062723513374,2020.2400493443,2020.26502732244,253200000,hCoV-19/Belgium/ULG-10100/2020|EPI_ISL_427351|2020-04-07|Europe,Liège,Liège,4602,4602
1534,1016,0.01404901639,653983.440553047,743086.196317295,643034.030540462,741710.588381918,0.09467625152374,0.08062723513374,2020.2400493443,2020.25409836069,253200000,hCoV-19/Belgium/ULG-10081/2020|EPI_ISL_424640|2020-04-03|Europe,Liège,Liège,4602,4050
1535,1536,0.00946999999999998,645887.782169832,724655.792487821,642684.485873604,738182.533516276,0.05030723513374,0.04083723513374,2020.2002593443,2020.2097293443,253200000,NA,Liège,Liège,4400,4053
1535,1018,0.01558765027,645887.782169832,724655.792487821,645876.362000332,724645.816429685,0.05642488540374,0.04083723513374,2020.2002593443,2020.21584699457,253200000,hCoV-19/Belgium/ULG-10216/2020|EPI_ISL_484704|2020-03-20|Europe,Liège,Liège,4400,4400
1536,1538,0.00864879419999998,642684.485873604,738182.533516276,649938.691423333,739846.519196274,0.05895602933374,0.05030723513374,2020.2097293443,2020.2183781385,253200000,NA,Liège,Liège,4053,4020
1536,1537,0.01156,642684.485873604,738182.533516276,642691.79471885,738202.208427779,0.06186723513374,0.05030723513374,2020.2097293443,2020.2212893443,253200000,NA,Liège,Liège,4053,4053
1537,1020,2.21311476299446e-05,642691.79471885,738202.208427779,642693.373794547,738192.943492869,0.06188936628137,0.06186723513374,2020.2212893443,2020.22131147545,253200000,hCoV-19/Belgium/ULG-9716/2020|EPI_ISL_418657|2020-03-22|Europe,Liège,Liège,4053,4053
1537,1019,0.1257051913,642691.79471885,738202.208427779,631145.521591523,736134.396808679,0.18757242643374,0.06186723513374,2020.2212893443,2020.3469945356,253200000,hCoV-19/Belgium/ULG-10204/2020|EPI_ISL_484693|2020-05-07|Europe,Liège,Liège,4053,4170
1538,1540,0.000181205800300011,649938.691423333,739846.519196274,649896.53147226,739853.178355629,0.05913723513404,0.05895602933374,2020.2183781385,2020.2185593443,253200000,NA,Liège,Liège,4020,4020
1538,1539,0.000181205800300011,649938.691423333,739846.519196274,649896.53147226,739853.178355629,0.05913723513404,0.05895602933374,2020.2183781385,2020.2185593443,253200000,NA,Liège,Liège,4020,4020
1539,1022,0.02461005464,649896.53147226,739853.178355629,646454.331909914,740300.602423161,0.08374728977404,0.05913723513404,2020.2185593443,2020.24316939894,253200000,hCoV-19/Belgium/ULG-10040/2020|EPI_ISL_421208|2020-03-30|Europe,Liège,Liège,4020,4610
1539,1021,0.04100349727,649896.53147226,739853.178355629,650352.675215162,735836.282137348,0.10014073240404,0.05913723513404,2020.2185593443,2020.25956284157,253200000,hCoV-19/Belgium/ULG-10060/2020|EPI_ISL_424663|2020-04-05|Europe,Liège,Liège,4020,4000
1540,1024,1.98907102699764e-05,649896.53147226,739853.178355629,649944.528814386,740139.759482557,0.05915712584431,0.05913723513404,2020.2185593443,2020.21857923501,253200000,hCoV-19/Belgium/ULG-9558/2020|EPI_ISL_418645|2020-03-21|Europe,Liège,Liège,4020,4020
1540,1023,0.02461005464,649896.53147226,739853.178355629,641896.405894611,719904.194123305,0.08374728977404,0.05913723513404,2020.2185593443,2020.24316939894,253200000,hCoV-19/Belgium/ULG-10008/2020|EPI_ISL_421187|2020-03-30|Europe,Liège,Liège,4020,4470
1542,1543,0.000387688828900057,644698.187641865,734253.663617502,644696.447032232,734259.161987458,0.02635723513094,0.02596954630204,2020.18539165547,2020.1857793443,253200000,NA,Liège,Liège,4102,4031
1542,1544,0.000387688828900057,644698.187641865,734253.663617502,644696.447032232,734259.161987458,0.02635723513094,0.02596954630204,2020.18539165547,2020.1857793443,253200000,NA,Liège,Liège,4102,4031
1543,1026,0.0765157377,644696.447032232,734259.161987458,641165.075946999,733345.791361948,0.10287297283094,0.02635723513094,2020.1857793443,2020.262295082,253200000,hCoV-19/Belgium/ULG-10112/2020|EPI_ISL_427362|2020-04-06|Europe,Liège,Liège,4031,4100
1543,1025,0.03553213115,644696.447032232,734259.161987458,644826.45123558,734144.457837609,0.06188936628094,0.02635723513094,2020.1857793443,2020.22131147545,253200000,hCoV-19/Belgium/ULG-9739/2020|EPI_ISL_418663|2020-03-22|Europe,Liège,Liège,4031,4000
1544,1027,0.03553213115,644696.447032232,734259.161987458,648154.348561381,732749.220804395,0.06188936628094,0.02635723513094,2020.1857793443,2020.22131147545,253200000,hCoV-19/Belgium/ULG-9647/2020|EPI_ISL_418653|2020-03-22|Europe,Liège,Liège,4031,4000
1544,1028,1.30054645299804e-05,644696.447032232,734259.161987458,647804.216736068,740403.569021691,0.02637024059547,0.02635723513094,2020.1857793443,2020.18579234976,253200000,hCoV-19/Belgium/FAE-030948/2020|EPI_ISL_420445|2020-03-09|Europe,Liège,Liège,4031,4020
1548,1549,0.00189000000000006,645959.504050009,736171.311041293,645960.591559463,736144.417539481,0.07145723512914,0.06956723512914,2020.2289893443,2020.2308793443,253200000,NA,Liège,Liège,4031,4031
1549,1550,0.03413,645960.591559463,736144.417539481,645833.819204867,736427.05837683,0.10558723512914,0.07145723512914,2020.2308793443,2020.2650093443,253200000,NA,Liège,Liège,4031,4020
1550,1033,0.0300726229499999,645833.819204867,736427.05837683,645833.108459581,736429.002158018,0.13565985807914,0.10558723512914,2020.2650093443,2020.29508196725,253200000,hCoV-19/Belgium/ULG-10159/2020|EPI_ISL_447154|2020-04-18|Europe,Liège,Liège,4020,4020
1550,1032,1.7978142099917e-05,645833.819204867,736427.05837683,650406.029108391,732760.896505495,0.10560521327124,0.10558723512914,2020.2650093443,2020.26502732244,253200000,hCoV-19/Belgium/ULG-10119/2020|EPI_ISL_427367|2020-04-07|Europe,Liège,Liège,4020,4430
1562,1045,0.0121300546399999,646646.640164668,738833.879067453,639703.748089109,721399.393561605,0.08374728977254,0.07161723513254,2020.2310393443,2020.24316939894,253200000,hCoV-19/Belgium/ULG-10047/2020|EPI_ISL_421214|2020-03-30|Europe,Liège,Liège,4030,4480
1562,1563,0.00883999999999996,646646.640164668,738833.879067453,646663.373386476,738841.041723673,0.08045723513254,0.07161723513254,2020.2310393443,2020.2398793443,253200000,NA,Liège,Liège,4030,4030
1563,1564,0.00328000000000006,646663.373386476,738841.041723673,642045.023771431,755230.272811642,0.0837372351325401,0.08045723513254,2020.2398793443,2020.2431593443,253200000,NA,Liège,Liège,4030,4800
1563,1046,0.05520262295,646663.373386476,738841.041723673,645613.559587432,739875.60061078,0.13565985808254,0.08045723513254,2020.2398793443,2020.29508196725,253200000,hCoV-19/Belgium/ULG-10154/2020|EPI_ISL_447150|2020-04-18|Europe,Liège,Liège,4030,4051
1564,1565,0.000369999999999981,642045.023771431,755230.272811642,642044.780231569,755232.264000434,0.08410723513254,0.0837372351325401,2020.2431593443,2020.2435293443,253200000,NA,Liège,Liège,4800,4800
1564,1047,1.00546448599248e-05,642045.023771431,755230.272811642,654688.41446846,735799.733781555,0.0837472897774,0.0837372351325401,2020.2431593443,2020.24316939895,253200000,hCoV-19/Belgium/ULG-10038/2020|EPI_ISL_427346|2020-03-30|Europe,Liège,Liège,4800,4041
1565,1049,0.05155262295,642044.780231569,755232.264000434,644535.103896559,729947.883055654,0.13565985808254,0.08410723513254,2020.2435293443,2020.29508196725,253200000,hCoV-19/Belgium/ULG-10152/2020|EPI_ISL_447140|2020-04-18|Europe,Liège,Liège,4800,4100
1565,1048,0.00237229508199999,642044.780231569,755232.264000434,642031.875571751,755210.901208138,0.08647953021454,0.08410723513254,2020.2435293443,2020.24590163938,253200000,hCoV-19/Belgium/ULG-10033/2020|EPI_ISL_421207|2020-03-31|Europe,Liège,Liège,4800,4800
1570,1571,0.00193999999999994,643477.530304279,724839.348498774,645639.178583442,735935.182836502,0.06187723513254,0.05993723513254,2020.2193593443,2020.2212993443,253200000,NA,Liège,Liège,4400,4031
1571,1053,1.21311476299901e-05,645639.178583442,735935.182836502,645639.969848886,735934.328672836,0.0618893662801699,0.06187723513254,2020.2212993443,2020.22131147545,253200000,hCoV-19/Belgium/ULG-9715/2020|EPI_ISL_418656|2020-03-22|Europe,Liège,Liège,4031,4031
1571,1572,0.03825,645639.178583442,735935.182836502,639374.905504933,732784.455888561,0.10012723513254,0.06187723513254,2020.2212993443,2020.2595493443,253200000,NA,Liège,Liège,4031,4100
1572,1055,0.00274573770499997,639374.905504933,732784.455888561,647589.934073726,738177.533100263,0.10287297283754,0.10012723513254,2020.2595493443,2020.26229508201,253200000,hCoV-19/Belgium/ULG-10099/2020|EPI_ISL_427350|2020-04-06|Europe,Liège,Liège,4100,4030
1572,1054,1.34972676200107e-05,639374.905504933,732784.455888561,639373.197141766,732787.79729451,0.10014073240016,0.10012723513254,2020.2595493443,2020.25956284157,253200000,hCoV-19/Belgium/ULG-10062/2020|EPI_ISL_424664|2020-04-05|Europe,Liège,Liège,4100,4100
1652,1135,1.21311476299901e-05,651795.2740088,728646.443943829,651796.754691319,728644.674675499,0.06188936627803,0.0618772351304,2020.2212993443,2020.22131147545,253200000,hCoV-19/Belgium/ULG-9619/2020|EPI_ISL_418649|2020-03-22|Europe,Liège,Liège,4340,4340
1652,1134,1.21311476299901e-05,651795.2740088,728646.443943829,651342.938565013,733770.132225117,0.06188936627803,0.0618772351304,2020.2212993443,2020.22131147545,253200000,hCoV-19/Belgium/ULG-9725/2020|EPI_ISL_418659|2020-03-22|Europe,Liège,Liège,4340,4000
1653,1654,0.0048124373320001,641126.237206114,702843.122952871,648819.019499713,741008.128834656,0.0821896724624001,0.0773772351304,2020.2367993443,2020.24161178163,253200000,NA,Liège,Liège,4210,4020
1653,1657,0.00203000000000009,641126.237206114,702843.122952871,641137.333585015,702803.092720475,0.0794072351304,0.0773772351304,2020.2367993443,2020.2388293443,253200000,NA,Liège,Liège,4210,4210
1654,1656,0.000457562667599998,648819.019499713,741008.128834656,648812.776508975,740995.102800556,0.0826472351300001,0.0821896724624001,2020.24161178163,2020.2420693443,253200000,NA,Liège,Liège,4020,4020
1654,1655,0.000457562667599998,648819.019499713,741008.128834656,648812.776508975,740995.102800556,0.0826472351300001,0.0821896724624001,2020.24161178163,2020.2420693443,253200000,NA,Liège,Liège,4020,4020
1655,1137,0.1049251913,648812.776508975,740995.102800556,648857.260806023,741022.280313775,0.18757242643,0.0826472351300001,2020.2420693443,2020.3469945356,253200000,hCoV-19/Belgium/ULG-10205/2020|EPI_ISL_484694|2020-05-07,Liège,Liège,4020,4610
1656,1138,0.15957,648812.776508975,740995.102800556,644362.053493397,757784.978912027,0.24221723513,0.0826472351300001,2020.2420693443,2020.4016393443,253200000,hCoV-19/Belgium/ULG-10197/2020|EPI_ISL_471432|2020-05-27|Europe,Liège,Liège,4020,4801
1657,1658,0.00124581545899993,641137.333585015,702803.092720475,641142.945857613,702811.775789005,0.0806530505894,0.0794072351304,2020.2388293443,2020.24007515976,253200000,NA,Liège,Liège,4210,4210
1657,1140,0.00707229508199991,641137.333585015,702803.092720475,629952.772692969,744220.361040756,0.0864795302124,0.0794072351304,2020.2388293443,2020.24590163938,253200000,hCoV-19/Belgium/ULG-10030/2020|EPI_ISL_421204|2020-03-31|Europe,Liège,Liège,4210,4920
1658,1659,0.00533418454099999,641142.945857613,702811.775789005,648647.917536318,732759.71230272,0.0859872351304,0.0806530505894,2020.24007515976,2020.2454093443,253200000,NA,Liège,Liège,4210,4000
1658,1141,0.00309423918600005,641142.945857613,702811.775789005,641160.584682672,702774.1251647,0.0837472897754,0.0806530505894,2020.24007515976,2020.24316939894,253200000,hCoV-19/Belgium/DNM-0330351/2020|EPI_ISL_462205|2020-03-30|Europe,Liège,Liège,4210,4210
1659,1660,0.00867000000000007,648647.917536318,732759.71230272,648617.537562615,732770.293985011,0.0946572351304,0.0859872351304,2020.2454093443,2020.2540793443,253200000,NA,Liège,Liège,4000,4000
1660,1143,1.90163933699861e-05,648617.537562615,732770.293985011,648617.40782981,732770.922894068,0.09467625152377,0.0946572351304,2020.2540793443,2020.25409836069,253200000,hCoV-19/Belgium/ULG-10074/2020|EPI_ISL_424634|2020-04-03|Europe,Liège,Liège,4000,4000
1678,1162,0.0259021311500001,647522.789259907,721893.243855507,646435.296185251,728818.863147991,0.0618893662834,0.0359872351334,2020.1954093443,2020.22131147545,253200000,hCoV-19/Belgium/ULG-9738/2020|EPI_ISL_418662|2020-03-22|Europe,Liège,Liège,4460,4101
1678,1679,0.00185000000000002,647522.789259907,721893.243855507,647475.529605044,721862.382399946,0.0378372351334,0.0359872351334,2020.1954093443,2020.1972593443,253200000,NA,Liège,Liège,4460,4460
1681,1682,0.00232741827100003,622134.557769376,733604.246951149,622122.07135765,733610.652234004,0.0618872351314,0.0595598168604,2020.21898192603,2020.2213093443,253200000,NA,Liège,Liège,4190,4190
1681,1683,0.000247418270799993,622134.557769376,733604.246951149,622135.279848212,733612.771824286,0.0598072351312,0.0595598168604,2020.21898192603,2020.2192293443,253200000,NA,Liège,Liège,4190,4190
1682,1165,2.13114762692701e-06,622122.07135765,733610.652234004,631450.8127789,712273.796519486,0.061889366279027,0.0618872351314,2020.2213093443,2020.22131147545,253200000,hCoV-19/Belgium/ULG-9618/2020|EPI_ISL_418648|2020-03-22|Europe,Liège,Liège,4190,4570
1682,1164,2.13114762692701e-06,622122.07135765,733610.652234004,622128.222741296,733595.529407776,0.061889366279027,0.0618872351314,2020.2213093443,2020.22131147545,253200000,hCoV-19/Belgium/ULG-9617/2020|EPI_ISL_418647|2020-03-22,Liège,Liège,4190,4190
1683,1166,0.0376012568299999,622135.279848212,733612.771824286,631426.460594051,736294.154946304,0.0974084919611999,0.0598072351312,2020.2192293443,2020.25683060113,253200000,hCoV-19/Belgium/ULG-10094/2020|EPI_ISL_424650|2020-04-04|Europe,Liège,Liège,4190,4140
1683,1167,0.0376012568299999,622135.279848212,733612.771824286,650895.763374839,763680.820965923,0.0974084919611999,0.0598072351312,2020.2192293443,2020.25683060113,253200000,hCoV-19/Belgium/ULG-10086/2020|EPI_ISL_424644|2020-04-04|Europe,Liège,Liège,4190,4840
1706,1188,0.0167534972700001,642587.283134187,732409.309682972,642592.097457254,732378.888007138,0.1001407324023,0.0833872351323,2020.2428093443,2020.25956284157,253200000,hCoV-19/Belgium/ULG-10049/2020|EPI_ISL_424658|2020-04-05|Europe,Liège,Liège,4102,4102
1706,1187,0.02495021858,642587.283134187,732409.309682972,639420.426569105,730360.005352637,0.1083374537123,0.0833872351323,2020.2428093443,2020.26775956288,253200000,hCoV-19/Belgium/ULG-10134/2020|EPI_ISL_427379|2020-04-08|Europe,Liège,Liège,4102,4100
1719,1720,0.00313299345700002,644126.158621906,731728.640292135,644255.239904467,731790.695814556,0.0448302285904,0.0416972351334,2020.2011193443,2020.20425233776,253200000,NA,Liège,Liège,4100,4100
1720,1204,0.00066569506780001,644255.239904467,731790.695814556,638098.908033883,740693.30073208,0.0454959236582,0.0448302285904,2020.20425233776,2020.20491803283,253200000,hCoV-19/Belgium/ULG-7500/2020|EPI_ISL_418632|2020-03-16|Europe,Liège,Liège,4100,4140
1720,1203,0.00066569506780001,644255.239904467,731790.695814556,644281.081056003,731828.985371117,0.0454959236582,0.0448302285904,2020.20425233776,2020.20491803283,253200000,hCoV-19/Belgium/ULG-7134/2020|EPI_ISL_418628|2020-03-16|Europe,Liège,Liège,4100,4100
1727,1208,1.03825126801516e-06,645346.28934842,759047.028718858,645359.065270779,759034.263366915,0.231288273380668,0.2312872351294,2020.3907093443,2020.39071038255,253200000,hCoV-19/Belgium/ULG-10202/2020|EPI_ISL_471436|2020-05-23|Europe,Liège,Liège,4821,4821
1727,1209,0.01366224044,645346.28934842,759047.028718858,651981.412706489,764309.694825486,0.2449494755694,0.2312872351294,2020.3907093443,2020.40437158474,253200000,hCoV-19/Belgium/ULG-10196/2020|EPI_ISL_471431|2020-05-28|Europe,Liège,Liège,4821,4710
1741,1225,2.99853320300247e-05,640535.232377777,725479.562048277,645124.103979611,725381.961346624,0.45806422963393,0.4580342443019,2020.61745635347,2020.6174863388,253200000,hCoV-19/Belgium/ULG-10425/2020|EPI_ISL_581605|2020-08-14|Europe,Liège,Liège,4400,4400
1741,1224,2.99853320300247e-05,640535.232377777,725479.562048277,640534.429907666,725488.117316895,0.45806422963393,0.4580342443019,2020.61745635347,2020.6174863388,253200000,hCoV-19/Belgium/ULG-10426/2020|EPI_ISL_581606|2020-08-14|Europe,Liège,Liège,4400,4400
1746,1228,0.000703808780600002,645224.54913982,753717.100027276,645231.472425056,753686.27336976,0.4362063061422,0.4355024973616,2020.59492460653,2020.59562841531,253200000,hCoV-19/Belgium/ULG-10361/2020|EPI_ISL_540528|2020-08-06|Europe,Liège,Liège,4800,4800
1746,1747,0.0006947377423,645224.54913982,753717.100027276,644535.237649972,755679.763001163,0.4361972351039,0.4355024973616,2020.59492460653,2020.59561934427,253200000,NA,Liège,Liège,4800,4821
1747,1230,9.07103823100108e-06,644535.237649972,755679.763001163,644535.174615972,755680.476822304,0.436206306142131,0.4361972351039,2020.59561934427,2020.59562841531,253200000,hCoV-19/Belgium/ULG-10360/2020|EPI_ISL_540527|2020-08-06|Europe,Liège,Liège,4821,4821
1747,1229,0.00274131147500001,644535.237649972,755679.763001163,644474.368972594,756753.99483484,0.4389385465789,0.4361972351039,2020.59561934427,2020.59836065575,253200000,hCoV-19/Belgium/ULG-10362/2020|EPI_ISL_540529|2020-08-07,Liège,Liège,4821,4821
1749,1786,0.00223000000000001,641970.900472626,731055.324732819,645987.306119883,759312.347710075,0.3533472351016,0.3511172351016,2020.51053934427,2020.51276934427,253200000,NA,Liège,Liège,4100,4831
1754,1755,0.000172863267200007,648927.661306944,737946.12639854,648930.007121998,737941.437805848,0.416657235103,0.4164843718358,2020.575906481,2020.57607934427,253200000,NA,Liège,Liège,4020,4020
1754,1756,0.000172863267200007,648927.661306944,737946.12639854,648930.007121998,737941.437805848,0.416657235103,0.4164843718358,2020.575906481,2020.57607934427,253200000,NA,Liège,Liège,4020,4020
1755,1236,0.08785508197,648930.007121998,737941.437805848,649028.66897935,732821.14648178,0.504512317073,0.416657235103,2020.57607934427,2020.66393442624,253200000,hCoV-19/Belgium/ULG-10465/2020|EPI_ISL_581636|2020-08-31|Europe,Liège,Liège,4020,4000
1755,1235,0.07419387978,648930.007121998,737941.437805848,646719.734940172,737967.231177761,0.490851114883,0.416657235103,2020.57607934427,2020.65027322405,253200000,hCoV-19/Belgium/ULG-10448/2020|EPI_ISL_581589|2020-08-26,Liège,Liège,4020,4030
1756,1757,0.02911038169,648930.007121998,737941.437805848,648804.486278326,738434.728765797,0.445767616793,0.416657235103,2020.57607934427,2020.60518972596,253200000,NA,Liège,Liège,4020,4020
1756,1761,0.000259999999999982,648930.007121998,737941.437805848,648921.064702779,737978.166702831,0.416917235103,0.416657235103,2020.57607934427,2020.57633934427,253200000,NA,Liège,Liège,4020,4020
1757,1760,0.000533888255499992,648804.486278326,738434.728765797,648833.246267855,738350.629850946,0.4463015050485,0.445767616793,2020.60518972596,2020.60572361422,253200000,NA,Liège,Liège,4020,4020
1757,1758,0.02030961831,648804.486278326,738434.728765797,649076.437997103,737705.736960271,0.466077235103,0.445767616793,2020.60518972596,2020.62549934427,253200000,NA,Liège,Liège,4020,4020
1758,1237,0.03023836066,649076.437997103,737705.736960271,644064.182456184,731432.027170694,0.496315595763,0.466077235103,2020.62549934427,2020.65573770493,253200000,hCoV-19/Belgium/ULG-10456/2020|EPI_ISL_581580|2020-08-28|Europe,Liège,Liège,4020,4100
1758,1759,0.02137,649076.437997103,737705.736960271,649234.47949981,737112.170668852,0.487447235103,0.466077235103,2020.62549934427,2020.64686934427,253200000,NA,Liège,Liège,4020,4020
1759,1238,0.00340387978099999,649234.47949981,737112.170668852,649236.251303548,737082.378830857,0.490851114884,0.487447235103,2020.64686934427,2020.65027322405,253200000,hCoV-19/Belgium/ULG-10452/2020|EPI_ISL_581577|2020-08-26|Europe,Liège,Liège,4020,4020
1759,1239,0.00340387978099999,649234.47949981,737112.170668852,647807.342644015,747101.234282772,0.490851114884,0.487447235103,2020.64686934427,2020.65027322405,253200000,hCoV-19/Belgium/ULG-10447/2020|EPI_ISL_581623|2020-08-26|Europe,Liège,Liège,4020,4630
1760,1240,0.000833762836600027,648833.246267855,738350.629850946,648796.88759702,738313.371853266,0.4471352678851,0.4463015050485,2020.60572361422,2020.60655737705,253200000,hCoV-19/Belgium/ULG-10400/2020|EPI_ISL_540567|2020-08-10|Europe,Liège,Liège,4020,4020
1760,1241,0.02815616721,648833.246267855,738350.629850946,654000.12065822,721780.105796063,0.4744576722585,0.4463015050485,2020.60572361422,2020.63387978143,253200000,hCoV-19/Belgium/ULG-10405/2020|EPI_ISL_540572|2020-08-20|Europe,Liège,Liège,4020,4350
1761,1242,0.07939836066,648921.064702779,737978.166702831,626756.047270045,714312.470250747,0.496315595763,0.416917235103,2020.57633934427,2020.65573770493,253200000,hCoV-19/Belgium/ULG-10454/2020|EPI_ISL_581628|2020-08-28|Europe,Liège,Liège,4020,4570
1761,1762,0.0176,648921.064702779,737978.166702831,645970.816619734,759123.872840205,0.434517235103,0.416917235103,2020.57633934427,2020.59393934427,253200000,NA,Liège,Liège,4020,4821
1762,1243,0.00168907103799998,645970.816619734,759123.872840205,645981.674269815,759131.195067782,0.436206306141,0.434517235103,2020.59393934427,2020.59562841531,253200000,hCoV-19/Belgium/ULG-10372/2020|EPI_ISL_540539|2020-08-06|Europe,Liège,Liège,4821,4821
1762,1763,0.00223000000000001,645970.816619734,759123.872840205,645987.306119883,759312.347710075,0.436747235103,0.434517235103,2020.59393934427,2020.59616934427,253200000,NA,Liège,Liège,4821,4831
1763,1764,0.000730000000000008,645987.306119883,759312.347710075,647917.989299837,756848.726403226,0.437477235103,0.436747235103,2020.59616934427,2020.59689934427,253200000,NA,Liège,Liège,4831,4821
1763,1244,0.00219131147500001,645987.306119883,759312.347710075,651143.039968987,741512.927109256,0.438938546578,0.436747235103,2020.59616934427,2020.59836065575,253200000,hCoV-19/Belgium/ULG-10389/2020|EPI_ISL_540556|2020-08-07|Europe,Liège,Liège,4831,4020
1764,1765,0.02824512959,647917.989299837,756848.726403226,653066.408799857,741607.196875337,0.465722364693,0.437477235103,2020.59689934427,2020.62514447386,253200000,NA,Liège,Liège,4821,4602
1764,1245,0.001461311475,647917.989299837,756848.726403226,647957.626982421,756875.365582659,0.438938546578,0.437477235103,2020.59689934427,2020.59836065575,253200000,hCoV-19/Belgium/ULG-10366/2020|EPI_ISL_540533|2020-08-07|Europe,Liège,Liège,4821,4821
1765,1247,0.02512875019,653066.408799857,741607.196875337,640694.391863785,706853.227455196,0.490851114883,0.465722364693,2020.62514447386,2020.65027322405,253200000,hCoV-19/Belgium/ULG-10450/2020|EPI_ISL_581625|2020-08-26|Europe,Liège,Liège,4602,4520
1765,1246,0.000538586253999995,653066.408799857,741607.196875337,653069.834893965,741603.683802993,0.466260950947,0.465722364693,2020.62514447386,2020.62568306011,253200000,hCoV-19/Belgium/ULG-10625/2020|EPI_ISL_626234|2020-08-17|Europe,Liège,Liège,4602,4602
1768,1248,0.05491371585,640739.1330789,756521.906961144,640771.782579431,756111.357558478,0.4662609509556,0.4113472351056,2020.57076934427,2020.62568306012,253200000,hCoV-19/Belgium/ULG-10621/2020|EPI_ISL_626233|2020-08-17|Europe,Liège,Liège,4802,4802
1768,1249,0.05218147541,640739.1330789,756521.906961144,644883.528587836,729745.42766004,0.4635287105156,0.4113472351056,2020.57076934427,2020.62295081968,253200000,hCoV-19/Belgium/ULG-10623/2020|EPI_ISL_626231|2020-08-16|Europe,Liège,Liège,4802,4101
1770,1771,0.00189,647223.320730858,736723.315086615,647217.975095492,736745.146355915,0.4150972351056,0.4132072351056,2020.57262934427,2020.57451934427,253200000,NA,Liège,Liège,4030,4030
1770,1774,0.00279459879499999,647223.320730858,736723.315086615,647211.769841758,736992.634491481,0.4160018339006,0.4132072351056,2020.57262934427,2020.57542394307,253200000,NA,Liège,Liège,4030,4030
1771,1773,0.00165999999999999,647217.975095492,736745.146355915,647237.556908211,736713.561106061,0.4167572351056,0.4150972351056,2020.57451934427,2020.57617934427,253200000,NA,Liège,Liège,4030,4030
1771,1772,0.00197000000000003,647217.975095492,736745.146355915,646200.811511502,737998.940503002,0.4170672351056,0.4150972351056,2020.57451934427,2020.57648934427,253200000,NA,Liège,Liège,4030,4030
1772,1252,1.33879781200053e-05,646200.811511502,737998.940503002,646200.764454022,737997.944681658,0.41708062308372,0.4170672351056,2020.57648934427,2020.57650273225,253200000,hCoV-19/Belgium/ULG-10336/2020|EPI_ISL_540503|2020-07-30|Europe,Liège,Liège,4030,4030
1773,1253,0.04130699454,647237.556908211,736713.561106061,649125.927545318,739224.292391334,0.4580642296456,0.4167572351056,2020.57617934427,2020.61748633881,253200000,hCoV-19/Belgium/ULG-10429/2020|EPI_ISL_581607|2020-08-14|Europe,Liège,Liège,4030,4020
1774,1775,0.0005454012053,647211.769841758,736992.634491481,647209.355494488,736991.64654445,0.4165472351059,0.4160018339006,2020.57542394307,2020.57596934427,253200000,NA,Liège,Liège,4030,4030
1774,1776,0.00155604466199999,647211.769841758,736992.634491481,647218.418153299,736983.324385946,0.4175578785626,0.4160018339006,2020.57542394307,2020.57697998773,253200000,NA,Liège,Liège,4030,4030
1775,1256,0.05517819672,647209.355494488,736991.64654445,633207.1514145,738829.871199728,0.4717254318259,0.4165472351059,2020.57596934427,2020.63114754099,253200000,hCoV-19/Belgium/ULG-10402/2020|EPI_ISL_540569|2020-08-19|Europe,Liège,Liège,4030,4140
1775,1255,0.02239131148,647209.355494488,736991.64654445,646063.68449455,734261.371615601,0.4389385465859,0.4165472351059,2020.57596934427,2020.59836065575,253200000,hCoV-19/Belgium/ULG-10391/2020|EPI_ISL_540558|2020-08-07|Europe,Liège,Liège,4030,4000
1776,1777,0.000919356543200023,647218.418153299,736983.324385946,647219.274254068,736983.991973212,0.4184772351058,0.4175578785626,2020.57697998773,2020.57789934427,253200000,NA,Liège,Liège,4030,4030
1776,1778,0.001399356543,647218.418153299,736983.324385946,647227.08439884,736963.77076051,0.4189572351056,0.4175578785626,2020.57697998773,2020.57837934427,253200000,NA,Liège,Liège,4030,4030
1777,1257,0.00133562841500001,647219.274254068,736983.991973212,647079.565165793,737013.205617803,0.4198128635208,0.4184772351058,2020.57789934427,2020.57923497269,253200000,hCoV-19/Belgium/ULG-10338/2020|EPI_ISL_540505|2020-07-31|Europe,Liège,Liège,4030,4030
1777,1258,0.00133562841500001,647219.274254068,736983.991973212,646981.349150638,755728.40028816,0.4198128635208,0.4184772351058,2020.57789934427,2020.57923497269,253200000,hCoV-19/Belgium/ULG-10339/2020|EPI_ISL_540506|2020-07-31|Europe,Liège,Liège,4030,4820
1778,1780,0.000240000000000018,647227.08439884,736963.77076051,647230.58135835,736957.099195979,0.4191972351056,0.4189572351056,2020.57837934427,2020.57861934427,253200000,NA,Liège,Liège,4030,4030
1780,1781,0.02086,647230.58135835,736957.099195979,647883.653879688,737321.694641413,0.4400572351056,0.4191972351056,2020.57861934427,2020.59947934427,253200000,NA,Liège,Liège,4030,4020
1780,1261,0.04706371585,647230.58135835,736957.099195979,646233.906646155,722579.564229012,0.4662609509556,0.4191972351056,2020.57861934427,2020.62568306012,253200000,hCoV-19/Belgium/ULG-10442/2020|EPI_ISL_581619|2020-08-17|Europe,Liège,Liège,4030,4460
1781,1262,0.01800699454,647883.653879688,737321.694641413,648167.291869669,737662.347512541,0.4580642296456,0.4400572351056,2020.59947934427,2020.61748633881,253200000,hCoV-19/Belgium/ULG-10430/2020|EPI_ISL_581608|2020-08-14|Europe,Liège,Liège,4020,4020
1781,1782,0.00229000000000001,647883.653879688,737321.694641413,647882.966840286,737316.216927684,0.4423472351056,0.4400572351056,2020.59947934427,2020.60176934427,253200000,NA,Liège,Liège,4020,4020
1782,1783,0.00444733035700001,647882.966840286,737316.216927684,647799.69391147,737434.476922104,0.4467945654626,0.4423472351056,2020.60176934427,2020.60621667463,253200000,NA,Liège,Liège,4020,4020
1782,1784,0.01953,647882.966840286,737316.216927684,647383.343175269,736252.908113672,0.4618772351056,0.4423472351056,2020.60176934427,2020.62129934427,253200000,NA,Liège,Liège,4020,4020
1783,1263,0.01126966418,647799.69391147,737434.476922104,647795.534237747,737038.803066703,0.4580642296426,0.4467945654626,2020.60621667463,2020.61748633881,253200000,hCoV-19/Belgium/ULG-10433/2020|EPI_ISL_581611|2020-08-14|Europe,Liège,Liège,4020,4020
1783,1264,0.000340702430299988,647799.69391147,737434.476922104,647798.745050835,737436.852683128,0.4471352678929,0.4467945654626,2020.60621667463,2020.60655737706,253200000,hCoV-19/Belgium/ULG-10393/2020|EPI_ISL_540560|2020-08-10|Europe,Liège,Liège,4020,4020
1784,1266,0.00438371584699998,647383.343175269,736252.908113672,647382.974922865,736246.813393139,0.4662609509526,0.4618772351056,2020.62129934427,2020.62568306012,253200000,hCoV-19/Belgium/ULG-10437/2020|EPI_ISL_581615|2020-08-17|Europe,Liège,Liège,4020,4020
1790,1791,0.00202531620099999,647866.491355209,730735.243890822,635099.87487417,753590.302189684,0.3596525513026,0.3576272351016,2020.51704934427,2020.51907466047,253200000,NA,Liège,Liège,4420,4910
1790,1795,0.0271899324,647866.491355209,730735.243890822,647864.358522842,730734.424837946,0.3848171675016,0.3576272351016,2020.51704934427,2020.54423927667,253200000,NA,Liège,Liège,4420,4420
1791,1273,5.10225966500188e-05,635099.87487417,753590.302189684,631364.732998066,734020.954282623,0.35970357389925,0.3596525513026,2020.51907466047,2020.51912568307,253200000,hCoV-19/Belgium/ULG-10273/2020|EPI_ISL_515080|2020-07-09|Europe,Liège,Liège,4910,4170
1791,1792,0.01370945878,635099.87487417,753590.302189684,635110.611665992,753565.239622351,0.3733620100826,0.3596525513026,2020.51907466047,2020.53278411925,253200000,NA,Liège,Liège,4910,4910
1792,1793,0.007423937223,635110.611665992,753565.239622351,646587.842608157,737411.157212566,0.3807859473056,0.3733620100826,2020.53278411925,2020.54020805647,253200000,NA,Liège,Liège,4910,4030
1792,1274,2.76600630100265e-06,635110.611665992,753565.239622351,635110.681001041,753565.636173796,0.373364776088901,0.3733620100826,2020.53278411925,2020.53278688526,253200000,hCoV-19/Belgium/ULG-10261/2020|EPI_ISL_515068|2020-07-14|Europe,Liège,Liège,4910,4910
1793,1794,0.0492574442,646587.842608157,737411.157212566,647645.31074394,737319.957588076,0.4300433915056,0.3807859473056,2020.54020805647,2020.58946550067,253200000,NA,Liège,Liège,4030,4030
1793,1275,0.000775550095000022,646587.842608157,737411.157212566,636279.54445572,716780.835418384,0.3815614974006,0.3807859473056,2020.54020805647,2020.54098360657,253200000,hCoV-19/Belgium/ULG-10249/2020|EPI_ISL_515056|2020-07-17|Europe,Liège,Liège,4030,4540
1794,1276,0.00889515507499999,647645.31074394,737319.957588076,646905.686548196,738147.537080762,0.4389385465806,0.4300433915056,2020.58946550067,2020.59836065575,253200000,hCoV-19/Belgium/ULG-10367/2020|EPI_ISL_540534|2020-08-07|Europe,Liège,Liège,4030,4030
1794,1277,0.00069843376369999,647645.31074394,737319.957588076,647617.056305645,737385.384611951,0.4307418252693,0.4300433915056,2020.58946550067,2020.59016393444,253200000,hCoV-19/Belgium/ULG-10368/2020|EPI_ISL_540535|2020-08-04|Europe,Liège,Liège,4030,4030
1795,1796,0.000780067597099976,647864.358522842,730734.424837946,647833.660569319,730777.33306535,0.3855972350987,0.3848171675016,2020.54423927667,2020.54501934427,253200000,NA,Liège,Liège,4420,4420
1795,1801,0.00266006759699999,647864.358522842,730734.424837946,647832.463057153,730741.620612539,0.3874772350986,0.3848171675016,2020.54423927667,2020.54689934427,253200000,NA,Liège,Liège,4420,4420
1796,1278,0.01235770492,647833.660569319,730777.33306535,647837.243356264,730787.656867998,0.3979549400187,0.3855972350987,2020.54501934427,2020.55737704919,253200000,hCoV-19/Belgium/ULG-10285/2020|EPI_ISL_540452|2020-07-23|Europe,Liège,Liège,4420,4420
1796,1797,0.03008630892,647833.660569319,730777.33306535,638290.913282608,703732.553989206,0.4156835440187,0.3855972350987,2020.54501934427,2020.57510565319,253200000,NA,Liège,Liège,4420,4217
1797,1798,0.000323691082699973,638290.913282608,703732.553989206,638286.804452598,703748.309721876,0.4160072351014,0.4156835440187,2020.57510565319,2020.57542934427,253200000,NA,Liège,Liège,4217,4217
1798,1799,0.01473,638286.804452598,703748.309721876,638343.675494111,703811.525616977,0.4307372351014,0.4160072351014,2020.57542934427,2020.59015934427,253200000,NA,Liège,Liège,4217,4217
1799,1281,0.02732699454,638343.675494111,703811.525616977,635653.012445848,717138.197500082,0.4580642296414,0.4307372351014,2020.59015934427,2020.61748633881,253200000,hCoV-19/Belgium/ULG-10421/2020|EPI_ISL_581603|2020-08-14|Europe,Liège,Liège,4217,4540
1799,1280,4.59016397902356e-06,638343.675494111,703811.525616977,638343.467856528,703813.126307492,0.430741825265379,0.4307372351014,2020.59015934427,2020.59016393443,253200000,hCoV-19/Belgium/ULG-10340/2020|EPI_ISL_540507|2020-08-04|Europe,Liège,Liège,4217,4217
1801,1849,0.004311855807,647832.463057153,730741.620612539,647860.856601803,730746.443383771,0.3917890909056,0.3874772350986,2020.54689934427,2020.55121120007,253200000,NA,Liège,Liège,4420,4420
1801,1802,0.00189,647832.463057153,730741.620612539,647217.975095492,736745.146355915,0.3893672350986,0.3874772350986,2020.54689934427,2020.54878934427,253200000,NA,Liège,Liège,4420,4030
1805,1285,0.00061311017479998,645735.963265776,723374.910237557,648456.056895466,730980.864004091,0.4170806230734,0.4164675128986,2020.57588962207,2020.57650273224,253200000,hCoV-19/Belgium/ULG-10330/2020|EPI_ISL_540497|2020-07-30|Europe,Liège,Liège,4460,4420
1805,1284,0.00061311017479998,645735.963265776,723374.910237557,645735.833008045,723383.608249288,0.4170806230734,0.4164675128986,2020.57588962207,2020.57650273224,253200000,hCoV-19/Belgium/ULG-10331/2020|EPI_ISL_540498|2020-07-30|Europe,Liège,Liège,4460,4460
1815,1816,0.00701000000000002,651730.319254925,739524.18155307,651723.704407917,739544.016082569,0.4037172350986,0.3967072350986,2020.55612934427,2020.56313934427,253200000,NA,Liège,Liège,4040,4040
1815,1831,0.00191000000000002,651730.319254925,739524.18155307,651731.925151925,739543.242951227,0.3986172350986,0.3967072350986,2020.55612934427,2020.55803934427,253200000,NA,Liège,Liège,4040,4040
1816,1817,0.02514,651723.704407917,739544.016082569,650223.273838996,739730.310415761,0.4288572350986,0.4037172350986,2020.56313934427,2020.58827934427,253200000,NA,Liège,Liège,4040,4020
1816,1819,0.01027,651723.704407917,739544.016082569,651729.830334787,739479.576082968,0.4139872350986,0.4037172350986,2020.56313934427,2020.57340934427,253200000,NA,Liège,Liège,4040,4040
1817,1818,0.01777074446,650223.273838996,739730.310415761,648203.628219921,740865.375034854,0.4466279795586,0.4288572350986,2020.58827934427,2020.60605008873,253200000,NA,Liège,Liège,4020,4020
1817,1297,0.001884590164,650223.273838996,739730.310415761,650217.85767815,739739.732426551,0.4307418252626,0.4288572350986,2020.58827934427,2020.59016393443,253200000,hCoV-19/Belgium/ULG-10369/2020|EPI_ISL_540536|2020-08-04|Europe,Liège,Liège,4020,4020
1818,1298,0.02509745227,648203.628219921,740865.375034854,647555.611333432,740792.614848434,0.4717254318286,0.4466279795586,2020.60605008873,2020.631147541,253200000,hCoV-19/Belgium/ULG-10403/2020|EPI_ISL_540570|2020-08-19|Europe,Liège,Liège,4020,4020
1818,1299,0.000507288331299982,648203.628219921,740865.375034854,648136.840026019,739398.475780882,0.4471352678899,0.4466279795586,2020.60605008873,2020.60655737706,253200000,hCoV-19/Belgium/ULG-10395/2020|EPI_ISL_540562|2020-08-10|Europe,Liège,Liège,4020,4020
1819,1820,0.00052000000000002,651729.830334787,739479.576082968,651798.817436861,739458.967566422,0.4145072350986,0.4139872350986,2020.57340934427,2020.57392934427,253200000,NA,Liège,Liège,4040,4040
1819,1821,0.00186999999999998,651729.830334787,739479.576082968,651736.560038777,739464.800369891,0.4158572350986,0.4139872350986,2020.57340934427,2020.57527934427,253200000,NA,Liège,Liège,4040,4040
1820,1300,0.02169907104,651798.817436861,739458.967566422,651809.016699321,739567.843141881,0.4362063061386,0.4145072350986,2020.57392934427,2020.59562841531,253200000,hCoV-19/Belgium/ULG-10373/2020|EPI_ISL_540540|2020-08-06|Europe,Liège,Liège,4040,4040
1820,1301,0.02169907104,651798.817436861,739458.967566422,648755.109138126,736362.290950386,0.4362063061386,0.4145072350986,2020.57392934427,2020.59562841531,253200000,hCoV-19/Belgium/ULG-10359/2020|EPI_ISL_540526|2020-08-06|Europe,Liège,Liège,4040,4020
1821,1822,0.00294655676799999,651736.560038777,739464.800369891,646911.512747856,737326.404810189,0.4188037918666,0.4158572350986,2020.57527934427,2020.57822590103,253200000,NA,Liège,Liège,4040,4030
1822,1823,0.000873443231899973,646911.512747856,737326.404810189,646907.838713866,737327.815395465,0.4196772350985,0.4188037918666,2020.57822590103,2020.57909934427,253200000,NA,Liège,Liège,4030,4030
1822,1824,0.000463443231900007,646911.512747856,737326.404810189,646923.844119651,737347.004922996,0.4192672350985,0.4188037918666,2020.57822590103,2020.57868934427,253200000,NA,Liège,Liège,4030,4030
1823,1302,0.09029956284,646907.838713866,737327.815395465,644465.978596475,737906.728677011,0.5099767979385,0.4196772350985,2020.57909934427,2020.66939890711,253200000,hCoV-19/Belgium/ULG-10610/2020|EPI_ISL_626245|2020-09-02|Europe,Liège,Liège,4030,4032
1823,1303,0.04658371585,646907.838713866,737327.815395465,646936.274386009,737293.461233156,0.4662609509485,0.4196772350985,2020.57909934427,2020.62568306012,253200000,hCoV-19/Belgium/ULG-10431/2020|EPI_ISL_581609|2020-08-17|Europe,Liège,Liège,4030,4030
1824,1304,0.2956275956,646923.844119651,737347.004922996,643683.809836372,733742.69652071,0.7148948306985,0.4192672350985,2020.57868934427,2020.87431693987,253200000,hCoV-19/Belgium/ULG-10785/2020|EPI_ISL_661221|2020-11-16|Europe,Liège,Liège,4030,4102
1824,1305,0.03879699454,646923.844119651,737347.004922996,651075.895214083,739080.260543547,0.4580642296385,0.4192672350985,2020.57868934427,2020.61748633881,253200000,hCoV-19/Belgium/ULG-10417/2020|EPI_ISL_581599|2020-08-14|Europe,Liège,Liège,4030,4040
1827,1828,0.00018261571549999,640177.22623118,736918.488675418,640176.705621324,736918.395374812,0.4195172350991,0.4193346193836,2020.57875672855,2020.57893934427,253200000,NA,Liège,Liège,4130,4130
1827,1308,0.07698097637,640177.22623118,736918.488675418,637318.980501753,733151.534329435,0.4963155957536,0.4193346193836,2020.57875672855,2020.65573770492,253200000,hCoV-19/Belgium/ULG-10458/2020|EPI_ISL_581631|2020-08-28|Europe,Liège,Liège,4130,4122
1828,1830,0.01122,640176.705621324,736918.395374812,642937.564144515,734838.886101234,0.4307372350991,0.4195172350991,2020.57893934427,2020.59015934427,253200000,NA,Liège,Liège,4130,4031
1828,1829,0.01122,640176.705621324,736918.395374812,642937.564144515,734838.886101234,0.4307372350991,0.4195172350991,2020.57893934427,2020.59015934427,253200000,NA,Liège,Liège,4130,4031
1829,1309,4.59016397902356e-06,642937.564144515,734838.886101234,642937.478332352,734839.373557056,0.430741825263079,0.4307372350991,2020.59015934427,2020.59016393443,253200000,hCoV-19/Belgium/ULG-10350/2020|EPI_ISL_540517|2020-08-04|Europe,Liège,Liège,4031,4031
1829,1310,0.02732699454,642937.564144515,734838.886101234,652413.373265437,737101.899412624,0.4580642296391,0.4307372350991,2020.59015934427,2020.61748633881,253200000,hCoV-19/Belgium/ULG-10415/2020|EPI_ISL_581597|2020-08-14|Europe,Liège,Liège,4031,4040
1830,1312,4.59016397902356e-06,642937.564144515,734838.886101234,640175.622341046,736883.735405622,0.430741825263079,0.4307372350991,2020.59015934427,2020.59016393443,253200000,hCoV-19/Belgium/ULG-10354/2020|EPI_ISL_540521|2020-08-04|Europe,Liège,Liège,4031,4130
1830,1311,4.59016397902356e-06,642937.564144515,734838.886101234,646618.360752043,724570.597679778,0.430741825263079,0.4307372350991,2020.59015934427,2020.59016393443,253200000,hCoV-19/Belgium/ULG-10353/2020|EPI_ISL_540520|2020-08-04|Europe,Liège,Liège,4031,4460
1831,1833,0.01178,651731.925151925,739543.242951227,647619.202432027,739668.980515717,0.4103972350986,0.3986172350986,2020.55803934427,2020.56981934427,253200000,NA,Liège,Liège,4040,4020
1833,1839,0.00606000000000001,647619.202432027,739668.980515717,647639.017400151,739670.262263999,0.4164572350986,0.4103972350986,2020.56981934427,2020.57587934427,253200000,NA,Liège,Liège,4020,4020
1833,1834,0.00205,647619.202432027,739668.980515717,647627.145794302,739649.036363918,0.4124472350986,0.4103972350986,2020.56981934427,2020.57186934427,253200000,NA,Liège,Liège,4020,4020
1839,1840,0.000120000000000009,647639.017400151,739670.262263999,647639.173103104,739665.901749888,0.4165772350986,0.4164572350986,2020.57587934427,2020.57599934427,253200000,NA,Liège,Liège,4020,4020
1840,1321,0.01962907104,647639.173103104,739665.901749888,647633.410828759,740542.120863629,0.4362063061386,0.4165772350986,2020.57599934427,2020.59562841531,253200000,hCoV-19/Belgium/ULG-10358/2020|EPI_ISL_540525|2020-08-06|Europe,Liège,Liège,4020,4020
1840,1841,0.01738,647639.173103104,739665.901749888,647605.397426885,739726.533290338,0.4339572350986,0.4165772350986,2020.57599934427,2020.59337934427,253200000,NA,Liège,Liège,4020,4020
1841,1842,0.0015,647605.397426885,739726.533290338,647602.626296362,739709.076537637,0.4354572350986,0.4339572350986,2020.59337934427,2020.59487934427,253200000,NA,Liège,Liège,4020,4020
1841,1843,0.00193258179700001,647605.397426885,739726.533290338,647880.080140825,737650.942016709,0.4358898168956,0.4339572350986,2020.59337934427,2020.59531192606,253200000,NA,Liège,Liège,4020,4020
1842,1322,0.000749071038199989,647602.626296362,739709.076537637,647587.650807962,739707.623171156,0.4362063061368,0.4354572350986,2020.59487934427,2020.5956284153,253200000,hCoV-19/Belgium/ULG-10356/2020|EPI_ISL_540523|2020-08-06|Europe,Liège,Liège,4020,4020
1842,1323,0.00348131147500003,647602.626296362,739709.076537637,648536.008821303,736695.543348775,0.4389385465736,0.4354572350986,2020.59487934427,2020.59836065574,253200000,hCoV-19/Belgium/ULG-10384/2020|EPI_ISL_540551|2020-08-07|Europe,Liège,Liège,4020,4020
1843,1324,0.000316489241599993,647880.080140825,737650.942016709,647881.029739187,737655.027787103,0.4362063061372,0.4358898168956,2020.59531192606,2020.59562841531,253200000,hCoV-19/Belgium/ULG-10363/2020|EPI_ISL_540530|2020-08-06|Europe,Liège,Liège,4020,4020
1843,1325,0.01124545099,647880.080140825,737650.942016709,651562.293552007,737716.867950899,0.4471352678856,0.4358898168956,2020.59531192606,2020.60655737705,253200000,hCoV-19/Belgium/ULG-10398/2020|EPI_ISL_540565|2020-08-10|Europe,Liège,Liège,4020,4040
1849,1850,0.000688144192899975,647860.856601803,730746.443383771,647856.136311511,730700.297752647,0.3924772350985,0.3917890909056,2020.55121120007,2020.55189934427,253200000,NA,Liège,Liège,4420,4420
1849,1855,0.000436303824799977,647860.856601803,730746.443383771,647899.358316168,730693.082272761,0.3922253947304,0.3917890909056,2020.55121120007,2020.5516475039,253200000,NA,Liège,Liège,4420,4420
1850,1852,0.01620637752,647856.136311511,730700.297752647,637941.539426013,720401.26500111,0.4086836126185,0.3924772350985,2020.55189934427,2020.56810572179,253200000,NA,Liège,Liège,4420,4480
1852,1853,0.009833622481,637941.539426013,720401.26500111,637926.055961126,720363.079328088,0.4185172350995,0.4086836126185,2020.56810572179,2020.57793934427,253200000,NA,Liège,Liège,4480,4480
1852,1334,0.000200289147699984,637941.539426013,720401.26500111,637936.648677528,720415.739332728,0.4088839017662,0.4086836126185,2020.56810572179,2020.56830601093,253200000,hCoV-19/Belgium/ULG-10317/2020|EPI_ISL_540484|2020-07-27|Europe,Liège,Liège,4480,4480
1853,1854,0.1343327572,637926.055961126,720363.079328088,644650.539423047,737873.688698578,0.5528499922995,0.4185172350995,2020.57793934427,2020.71227210147,253200000,NA,Liège,Liège,4480,4032
1853,1335,0.02042131148,637926.055961126,720363.079328088,649265.49514426,740925.354454824,0.4389385465795,0.4185172350995,2020.57793934427,2020.59836065575,253200000,hCoV-19/Belgium/ULG-10377/2020|EPI_ISL_540544|2020-08-07|Europe,Liège,Liège,4480,4020
1854,1337,0.09647106791,644650.539423047,737873.688698578,646021.805871924,739444.605750818,0.6493210602095,0.5528499922995,2020.71227210147,2020.80874316938,253200000,hCoV-19/Belgium/ULG-10533/2020|EPI_ISL_626325|2020-10-23|Europe,Liège,Liège,4032,4032
1854,1336,0.000842652606099947,644650.539423047,737873.688698578,644654.019405803,737831.888152064,0.5536926449056,0.5528499922995,2020.71227210147,2020.71311475407,253200000,hCoV-19/Belgium/ULG-10763/2020|EPI_ISL_641605|2020-09-18|Europe,Liège,Liège,4032,4032
1855,1338,0.01665850703,647899.358316168,730693.082272761,647496.464911198,742056.590234152,0.4088839017604,0.3922253947304,2020.5516475039,2020.56830601093,253200000,hCoV-19/Belgium/ULG-10311/2020|EPI_ISL_540478|2020-07-27|Europe,Liège,Liège,4420,4610
1855,1856,0.000251840368000023,647899.358316168,730693.082272761,647910.001730872,730675.945046101,0.3924772350984,0.3922253947304,2020.5516475039,2020.55189934427,253200000,NA,Liège,Liège,4420,4420
1856,1865,0.04057,647910.001730872,730675.945046101,643661.860118606,729750.871369897,0.4330472350984,0.3924772350984,2020.55189934427,2020.59246934427,253200000,NA,Liège,Liège,4420,4100
1862,1863,0.000240000000000018,647217.975095492,736745.146355915,647230.58135835,736957.099195979,0.4199872350984,0.4197472350984,2020.57916934427,2020.57940934427,253200000,NA,Liège,Liège,4030,4030
1865,1866,0.01621532636,643661.860118606,729750.871369897,643650.097145787,729789.994736142,0.4492625614584,0.4330472350984,2020.59246934427,2020.60868467063,253200000,NA,Liège,Liège,4100,4100
1865,1348,0.2818475956,643661.860118606,729750.871369897,631939.240524811,740753.311865282,0.7148948306984,0.4330472350984,2020.59246934427,2020.87431693987,253200000,hCoV-19/Belgium/ULG-10794/2020|EPI_ISL_661228|2020-11-16|Europe,Liège,Liège,4100,4140
1866,1872,0.000147015511899995,643650.097145787,729789.994736142,643648.281344192,729795.280570298,0.4494095769703,0.4492625614584,2020.60868467063,2020.60883168614,253200000,NA,Liège,Liège,4100,4100
1866,1867,0.00045467363770002,643650.097145787,729789.994736142,643670.095595601,729753.798312465,0.4497172350961,0.4492625614584,2020.60868467063,2020.60913934426,253200000,NA,Liège,Liège,4100,4100
1867,1869,0.19105,643670.095595601,729753.798312465,649361.801666869,733422.265045054,0.6407672350961,0.4497172350961,2020.60913934426,2020.80018934426,253200000,NA,Liège,Liège,4100,4000
1867,1868,0.04648111127,643670.095595601,729753.798312465,649180.419257167,695365.756529096,0.4961983463661,0.4497172350961,2020.60913934426,2020.65562045553,253200000,NA,Liège,Liège,4100,4280
1868,1349,0.000117249389499974,649180.419257167,695365.756529096,649180.027881509,695358.35468101,0.4963155957556,0.4961983463661,2020.65562045553,2020.65573770492,253200000,hCoV-19/Belgium/ULG-10455/2020|EPI_ISL_581629|2020-08-28|Europe,Liège,Liège,4280,4280
1868,1350,0.00831397070099998,649180.419257167,695365.756529096,654131.552107713,698998.294915178,0.5045123170671,0.4961983463661,2020.65562045553,2020.66393442624,253200000,hCoV-19/Belgium/ULG-10462/2020|EPI_ISL_581633|2020-08-31|Europe,Liège,Liège,4280,4280
1869,1351,0.01675054645,649361.801666869,733422.265045054,653726.039262383,739836.28636558,0.6575177815461,0.6407672350961,2020.80018934426,2020.81693989071,253200000,hCoV-19/Belgium/ULG-10646/2020|EPI_ISL_636624|2020-10-26|Europe,Liège,Liège,4000,4040
1869,1870,0.00514999999999999,649361.801666869,733422.265045054,649343.44902134,733370.65743408,0.6459172350961,0.6407672350961,2020.80018934426,2020.80533934426,253200000,NA,Liège,Liège,4000,4000
1870,1352,0.00340382513699999,649343.44902134,733370.65743408,644161.080596149,733181.749449803,0.6493210602331,0.6459172350961,2020.80533934426,2020.8087431694,253200000,hCoV-19/Belgium/ULG-10569/2020|EPI_ISL_626280|2020-10-23|Europe,Liège,Liège,4000,4102
1870,1871,0.00139,649343.44902134,733370.65743408,649600.928574895,732511.833857879,0.6473072350961,0.6459172350961,2020.80533934426,2020.80672934426,253200000,NA,Liège,Liège,4000,4430
1871,1354,0.07031983607,649600.928574895,732511.833857879,655179.746926746,739414.325669483,0.7176270711661,0.6473072350961,2020.80672934426,2020.87704918033,253200000,hCoV-19/Belgium/ULG-10806/2020|EPI_ISL_661233|2020-11-17|Europe,Liège,Liège,4430,4683
1871,1353,0.01021054645,649600.928574895,732511.833857879,642976.103408968,725048.327990787,0.6575177815461,0.6473072350961,2020.80672934426,2020.81693989071,253200000,hCoV-19/Belgium/ULG-10659/2020|EPI_ISL_636636|2020-10-26|Europe,Liège,Liège,4430,4400
1872,1873,0.02225765813,643648.281344192,729795.280570298,643658.23377105,729774.781973934,0.4716672351003,0.4494095769703,2020.60883168614,2020.63108934427,253200000,NA,Liège,Liège,4100,4100
1872,1998,0.000307658125800025,643648.281344192,729795.280570298,643646.203944276,729790.564382864,0.4497172350961,0.4494095769703,2020.60883168614,2020.60913934426,253200000,NA,Liège,Liège,4100,4100
1873,1355,0.04377404372,643658.23377105,729774.781973934,632588.985098579,704835.597316132,0.5154412788203,0.4716672351003,2020.63108934427,2020.67486338799,253200000,hCoV-19/Belgium/ULG-10609/2020|EPI_ISL_626246|2020-09-04|Europe,Liège,Liège,4100,4500
1873,1874,0.00139,643658.23377105,729774.781973934,649600.928574895,732511.833857879,0.4730572351003,0.4716672351003,2020.63108934427,2020.63247934427,253200000,NA,Liège,Liège,4100,4430
1874,1885,0.03691847243,649600.928574895,732511.833857879,643911.269237073,730057.593109968,0.5099757075303,0.4730572351003,2020.63247934427,2020.6693978167,253200000,NA,Liège,Liège,4430,4100
1874,1875,0.00365808519999999,649600.928574895,732511.833857879,643644.054622317,729850.440990169,0.4767153203003,0.4730572351003,2020.63247934427,2020.63613742947,253200000,NA,Liège,Liège,4430,4100
1875,1876,0.0233119148,643644.054622317,729850.440990169,649609.80391701,701568.517315226,0.5000272351003,0.4767153203003,2020.63613742947,2020.65944934427,253200000,NA,Liège,Liège,4100,4280
1875,1356,0.0004745923958,643644.054622317,729850.440990169,650971.806130505,745961.415146144,0.4771899126961,0.4767153203003,2020.63613742947,2020.63661202186,253200000,hCoV-19/Belgium/ULG-10407/2020|EPI_ISL_540574|2020-08-21|Europe,Liège,Liège,4100,4632
1876,1877,0.1430123696,649609.80391701,701568.517315226,649739.587336458,701446.863271528,0.6430396047003,0.5000272351003,2020.65944934427,2020.80246171387,253200000,NA,Liège,Liège,4280,4280
1877,1878,0.00267665485799995,649739.587336458,701446.863271528,647109.76807004,740032.692003386,0.6457162595583,0.6430396047003,2020.80246171387,2020.80513836873,253200000,NA,Liège,Liège,4280,4030
1877,1880,0.000657630380500041,649739.587336458,701446.863271528,649736.147558265,701463.149513533,0.6436972350808,0.6430396047003,2020.80246171387,2020.80311934425,253200000,NA,Liège,Liège,4280,4280
1878,1357,0.00360480065900004,647109.76807004,740032.692003386,647115.064764228,739919.792198806,0.6493210602173,0.6457162595583,2020.80513836873,2020.80874316939,253200000,hCoV-19/Belgium/ULG-10540/2020|EPI_ISL_626286|2020-10-23|Europe,Liège,Liège,4030,4030
1880,1360,0.06300087432,649736.147558265,701463.149513533,649665.209083468,701614.722097229,0.7066981094008,0.6436972350808,2020.80311934425,2020.86612021857,253200000,hCoV-19/Belgium/ULG-10833/2020|EPI_ISL_661250|2020-11-13|Europe,Liège,Liège,4280,4280
1880,1361,0.06300087432,649736.147558265,701463.149513533,648723.861276249,700459.431018451,0.7066981094008,0.6436972350808,2020.80311934425,2020.86612021857,253200000,hCoV-19/Belgium/ULG-10825/2020|EPI_ISL_661246|2020-11-13|Europe,Liège,Liège,4280,4280
1884,1365,0.02735686469,646323.407660496,739359.232380334,622780.743628145,727964.749738206,0.5454959236243,0.5181390589343,2020.6775611681,2020.70491803279,253200000,hCoV-19/Belgium/ULG-10728/2020|EPI_ISL_641570|2020-09-15|Europe,Liège,Liège,4032,4590
1884,1366,3.44603169699642e-05,646323.407660496,739359.232380334,646322.900647034,739357.434554871,0.51817351925127,0.5181390589343,2020.6775611681,2020.67759562842,253200000,hCoV-19/Belgium/ULG-10619/2020|EPI_ISL_626252|2020-09-05|Europe,Liège,Liège,4032,4032
1885,1886,0.01810078457,643911.269237073,730057.593109968,643915.814567998,730111.538467839,0.5280764921003,0.5099757075303,2020.6693978167,2020.68749860127,253200000,NA,Liège,Liège,4100,4100
1885,1959,0.000221527571899971,643911.269237073,730057.593109968,643909.655306821,730066.435809484,0.5101972351022,0.5099757075303,2020.6693978167,2020.66961934427,253200000,NA,Liège,Liège,4100,4100
1886,1887,0.00030594190300004,643915.814567998,730111.538467839,643915.559730841,730121.022850587,0.5283824340033,0.5280764921003,2020.68749860127,2020.68780454317,253200000,NA,Liège,Liège,4100,4100
1886,1907,7.11356545799458e-05,643915.814567998,730111.538467839,643915.300770538,730107.115898213,0.52814762775488,0.5280764921003,2020.68749860127,2020.68756973692,253200000,NA,Liège,Liège,4100,4100
1887,1888,0.000614801099000029,643915.559730841,730121.022850587,643943.763473639,730019.432269848,0.5289972351023,0.5283824340033,2020.68780454317,2020.68841934427,253200000,NA,Liège,Liège,4100,4100
1887,1894,0.000614801099000029,643915.559730841,730121.022850587,643943.763473639,730019.432269848,0.5289972351023,0.5283824340033,2020.68780454317,2020.68841934427,253200000,NA,Liège,Liège,4100,4100
1888,1367,0.1858975956,643943.763473639,730019.432269848,638358.825617657,747089.781869254,0.7148948307023,0.5289972351023,2020.68841934427,2020.87431693987,253200000,hCoV-19/Belgium/ULG-10791/2020|EPI_ISL_661226|2020-11-16|Europe,Liège,Liège,4100,4141
1888,1889,0.02757,643943.763473639,730019.432269848,643968.103493471,730086.87997358,0.5565672351023,0.5289972351023,2020.68841934427,2020.71598934427,253200000,NA,Liège,Liège,4100,4100
1889,1891,0.02650701774,643968.103493471,730086.87997358,643835.334197106,738703.346815134,0.5830742528423,0.5565672351023,2020.71598934427,2020.74249636201,253200000,NA,Liège,Liège,4100,4053
1891,1893,0.000342982262599989,643835.334197106,738703.346815134,643839.311803968,738686.892877896,0.5834172351049,0.5830742528423,2020.74249636201,2020.74283934427,253200000,NA,Liège,Liège,4053,4053
1891,1892,0.01652298226,643835.334197106,738703.346815134,644771.533390397,745825.471604088,0.5995972351023,0.5830742528423,2020.74249636201,2020.75901934427,253200000,NA,Liège,Liège,4053,4630
1892,1371,0.04972382514,644771.533390397,745825.471604088,642371.572794998,745515.406791732,0.6493210602423,0.5995972351023,2020.75901934427,2020.80874316941,253200000,hCoV-19/Belgium/ULG-10577/2020|EPI_ISL_626333|2020-10-23|Europe,Liège,Liège,4630,4877
1892,1370,0.05792054645,644771.533390397,745825.471604088,643286.16669887,760481.744420087,0.6575177815523,0.5995972351023,2020.75901934427,2020.81693989072,253200000,hCoV-19/Belgium/ULG-10711/2020|EPI_ISL_636682|2020-10-26|Europe,Liège,Liège,4630,4830
1893,1372,0.1314775956,643839.311803968,738686.892877896,622881.664455067,743472.324069747,0.7148948307049,0.5834172351049,2020.74283934427,2020.87431693987,253200000,hCoV-19/Belgium/ULG-10789/2020|EPI_ISL_661224|2020-11-16|Europe,Liège,Liège,4053,4920
1893,1373,0.07136830601,643839.311803968,738686.892877896,644044.531627323,737822.53450994,0.6547855411149,0.5834172351049,2020.74283934427,2020.81420765028,253200000,hCoV-19/Belgium/ULG-10637/2020|EPI_ISL_636615|2020-10-25|Europe,Liège,Liège,4053,4053
1894,1895,0.04475548578,643943.763473639,730019.432269848,638866.162589973,730063.694397302,0.5737527208823,0.5289972351023,2020.68841934427,2020.73317483005,253200000,NA,Liège,Liège,4100,4100
1894,1900,0.07063537573,643943.763473639,730019.432269848,645550.143258794,723306.21212236,0.5996326108323,0.5289972351023,2020.68841934427,2020.75905472,253200000,NA,Liège,Liège,4100,4400
1895,1899,0.000574514216299948,638866.162589973,730063.694397302,638890.030750036,730002.290210077,0.5743272350986,0.5737527208823,2020.73317483005,2020.73374934427,253200000,NA,Liège,Liège,4100,4100
1895,1896,0.0449089678,638866.162589973,730063.694397302,635106.503139843,707706.057412066,0.6186616886823,0.5737527208823,2020.73317483005,2020.77808379785,253200000,NA,Liège,Liège,4100,4520
1896,1898,0.00039554641390005,635106.503139843,707706.057412066,635102.663734294,707718.192275978,0.6190572350962,0.6186616886823,2020.77808379785,2020.77847934426,253200000,NA,Liège,Liège,4520,4520
1896,1897,0.0286455464100001,635106.503139843,707706.057412066,635109.196619586,707681.493970288,0.6473072350923,0.6186616886823,2020.77808379785,2020.80672934426,253200000,NA,Liège,Liège,4520,4520
1897,1374,0.02387174863,635109.196619586,707681.493970288,638480.524248904,707034.221900588,0.6711789837223,0.6473072350923,2020.80672934426,2020.83060109289,253200000,hCoV-19/Belgium/ULG-10778/2020|EPI_ISL_644624|2020-10-31|Europe,Liège,Liège,4520,4520
1897,1375,0.01021054645,635109.196619586,707681.493970288,635390.22776141,706107.774551313,0.6575177815423,0.6473072350923,2020.80672934426,2020.81693989071,253200000,hCoV-19/Belgium/ULG-10671/2020|EPI_ISL_636646|2020-10-26|Europe,Liège,Liège,4520,4218
1898,1377,0.08764087432,635102.663734294,707718.192275978,635143.07589287,707511.587183871,0.7066981094162,0.6190572350962,2020.77847934426,2020.86612021858,253200000,hCoV-19/Belgium/ULG-10824/2020|EPI_ISL_661217|2020-11-13|Europe,Liège,Liège,4520,4520
1898,1376,0.03846054645,635102.663734294,707718.192275978,632921.958493936,720819.347707698,0.6575177815462,0.6190572350962,2020.77847934426,2020.81693989071,253200000,hCoV-19/Belgium/ULG-10710/2020|EPI_ISL_636681|2020-10-26|Europe,Liège,Liège,4520,4550
1899,1378,0.08319054645,638890.030750036,730002.290210077,638792.901309034,730092.845754483,0.6575177815486,0.5743272350986,2020.73374934427,2020.81693989072,253200000,hCoV-19/Belgium/ULG-10648/2020|EPI_ISL_636626|2020-10-26|Europe,Liège,Liège,4100,4100
1899,1379,0.08319054645,638890.030750036,730002.290210077,649276.242694625,743261.176264225,0.6575177815486,0.5743272350986,2020.73374934427,2020.81693989072,253200000,hCoV-19/Belgium/ULG-10633/2020|EPI_ISL_636612|2020-10-26|Europe,Liège,Liège,4100,4671
1900,1902,0.000314624266700037,645550.143258794,723306.21212236,645551.21159502,723315.37449979,0.599947235099,0.5996326108323,2020.75905472,2020.75936934427,253200000,NA,Liège,Liège,4400,4400
1900,1901,0.000314624266700037,645550.143258794,723306.21212236,645551.21159502,723315.37449979,0.599947235099,0.5996326108323,2020.75905472,2020.75936934427,253200000,NA,Liège,Liège,4400,4400
1901,1380,0.07123174863,645551.21159502,723315.37449979,634266.699891488,702869.990022214,0.671178983729,0.599947235099,2020.75936934427,2020.8306010929,253200000,hCoV-19/Belgium/ULG-10770/2020|EPI_ISL_644616|2020-10-31|Europe,Liège,Liège,4400,4218
1901,1381,0.04937382514,645551.21159502,723315.37449979,645567.628218442,723310.065354329,0.649321060239,0.599947235099,2020.75936934427,2020.80874316941,253200000,hCoV-19/Belgium/ULG-10685/2020|EPI_ISL_636657|2020-10-23|Europe,Liège,Liège,4400,4400
1902,1903,0.04573757993,645551.21159502,723315.37449979,646314.13487999,726429.406348938,0.645684815029,0.599947235099,2020.75936934427,2020.8051069242,253200000,NA,Liège,Liège,4400,4400
1902,1382,0.05757054645,645551.21159502,723315.37449979,627933.392246574,739976.703785752,0.657517781549,0.599947235099,2020.75936934427,2020.81693989072,253200000,hCoV-19/Belgium/ULG-10653/2020|EPI_ISL_636630|2020-10-26|Europe,Liège,Liège,4400,4920
1903,1383,0.02549416871,646314.13487999,726429.406348938,646263.027285576,726407.731076516,0.671178983739,0.645684815029,2020.8051069242,2020.83060109291,253200000,hCoV-19/Belgium/ULG-10773/2020|EPI_ISL_644619|2020-10-31|Europe,Liège,Liège,4400,4400
1903,1904,0.000467085562099956,646314.13487999,726429.406348938,636595.046051606,729751.934737488,0.6461519005911,0.645684815029,2020.8051069242,2020.80557400976,253200000,NA,Liège,Liège,4400,4120
1904,1384,0.06874293014,636595.046051606,729751.934737488,619820.331106984,742883.763808365,0.7148948307311,0.6461519005911,2020.80557400976,2020.8743169399,253200000,hCoV-19/Belgium/ULG-10787/2020|EPI_ISL_661222|2020-11-16|Europe,Liège,Liège,4120,4190
1904,1905,0.000456475691700042,636595.046051606,729751.934737488,636597.548665076,729754.378689459,0.6466083762828,0.6461519005911,2020.80557400976,2020.80603048545,253200000,NA,Liège,Liège,4120,4120
1905,1385,0.0109094052699999,636597.548665076,729754.378689459,636656.229506998,729692.783122995,0.6575177815528,0.6466083762828,2020.80603048545,2020.81693989072,253200000,hCoV-19/Belgium/ULG-10689/2020|EPI_ISL_636661|2020-10-26|Europe,Liège,Liège,4120,4120
1905,1906,0.000168858817899964,636597.548665076,729754.378689459,636597.997279559,729755.941123287,0.6467772351007,0.6466083762828,2020.80603048545,2020.80619934427,253200000,NA,Liège,Liège,4120,4120
1906,1386,0.01074054645,636597.997279559,729755.941123287,634189.498701102,705023.197922162,0.6575177815507,0.6467772351007,2020.80619934427,2020.81693989072,253200000,hCoV-19/Belgium/ULG-10700/2020|EPI_ISL_636672|2020-10-26|Europe,Liège,Liège,4120,4520
1906,1387,0.0708498360700001,636597.997279559,729755.941123287,653914.641702475,730409.621280975,0.7176270711707,0.6467772351007,2020.80619934427,2020.87704918034,253200000,hCoV-19/Belgium/ULG-10817/2020|EPI_ISL_661241|2020-11-17|Europe,Liège,Liège,4120,4432
1907,1956,0.000140808800500047,643915.300770538,730107.115898213,643916.525823184,730106.417509673,0.52828843655538,0.52814762775488,2020.68756973692,2020.68771054572,253200000,NA,Liège,Liège,4100,4100
1907,1908,0.000849607347400028,643915.300770538,730107.115898213,643917.620419755,730108.358533586,0.52899723510228,0.52814762775488,2020.68756973692,2020.68841934427,253200000,NA,Liège,Liège,4100,4100
1908,1909,0.01860549549,643917.620419755,730108.358533586,644627.699141921,732327.040783613,0.54760273059228,0.52899723510228,2020.68841934427,2020.70702483976,253200000,NA,Liège,Liège,4100,4100
1908,1916,0.00227999999999995,643917.620419755,730108.358533586,643915.822864826,730155.9421788,0.53127723510228,0.52899723510228,2020.68841934427,2020.69069934427,253200000,NA,Liège,Liège,4100,4100
1909,1910,0.00830352919400001,644627.699141921,732327.040783613,644636.409072264,732318.624358163,0.55590625978628,0.54760273059228,2020.70702483976,2020.71532836895,253200000,NA,Liège,Liège,4100,4100
1909,1914,1.45045101499486e-05,644627.699141921,732327.040783613,644627.655928277,732326.441531458,0.54761723510243,0.54760273059228,2020.70702483976,2020.70703934427,253200000,NA,Liège,Liège,4100,4100
1910,1388,0.000518625588900035,644636.409072264,732318.624358163,652682.935578884,738318.41628676,0.55642488537518,0.55590625978628,2020.71532836895,2020.71584699454,253200000,hCoV-19/Belgium/ULG-10745/2020|EPI_ISL_641587|2020-09-19|Europe,Liège,Liège,4100,4040
1910,1911,0.00647097531600005,644636.409072264,732318.624358163,644554.965717063,732500.28589747,0.56237723510228,0.55590625978628,2020.71532836895,2020.72179934427,253200000,NA,Liège,Liège,4100,4102
1911,1912,0.00175000000000003,644554.965717063,732500.28589747,632918.027283465,708639.487276876,0.56412723510228,0.56237723510228,2020.72179934427,2020.72354934427,253200000,NA,Liège,Liège,4102,4500
1911,1913,0.03722,644554.965717063,732500.28589747,644508.348225179,732553.768800701,0.59959723510228,0.56237723510228,2020.72179934427,2020.75901934427,253200000,NA,Liège,Liège,4102,4102
1912,1390,0.00322661202200003,632918.027283465,708639.487276876,637369.837565445,716927.797119746,0.56735384712428,0.56412723510228,2020.72354934427,2020.72677595629,253200000,hCoV-19/Belgium/ULG-10483/2020|EPI_ISL_581648|2020-09-23|Europe,Liège,Liège,4500,4540
1912,1389,0.000494371584800035,632918.027283465,708639.487276876,632924.821441837,708632.862767403,0.56462160668708,0.56412723510228,2020.72354934427,2020.72404371586,253200000,hCoV-19/Belgium/ULG-10472/2020|EPI_ISL_581578|2020-09-22|Europe,Liège,Liège,4500,4500
1913,1392,0.04972382514,644508.348225179,732553.768800701,639194.999174319,726391.948075732,0.64932106024228,0.59959723510228,2020.75901934427,2020.80874316941,253200000,hCoV-19/Belgium/ULG-10593/2020|EPI_ISL_626270|2020-10-23|Europe,Liège,Liège,4102,4121
1913,1391,0.04972382514,644508.348225179,732553.768800701,648283.920283594,741445.692003608,0.64932106024228,0.59959723510228,2020.75901934427,2020.80874316941,253200000,hCoV-19/Belgium/ULG-10598/2020|EPI_ISL_626296|2020-10-23|Europe,Liège,Liège,4102,4610
1914,1915,0.01966202256,644627.655928277,732326.441531458,640372.642876012,717533.400021475,0.56727925766243,0.54761723510243,2020.70703934427,2020.72670136683,253200000,NA,Liège,Liège,4100,4540
1914,1393,0.1099005464,644627.655928277,732326.441531458,644704.560984135,732628.147839684,0.65751778150243,0.54761723510243,2020.70703934427,2020.81693989067,253200000,hCoV-19/Belgium/ULG-10691/2020|EPI_ISL_636663|2020-10-26|Europe,Liège,Liège,4100,4102
1915,1394,7.45894573800365e-05,640372.642876012,717533.400021475,639074.810001633,718207.678712639,0.56735384711981,0.56727925766243,2020.72670136683,2020.72677595629,253200000,hCoV-19/Belgium/ULG-10491/2020|EPI_ISL_581582|2020-09-23|Europe,Liège,Liège,4540,4540
1915,1395,7.45894573800365e-05,640372.642876012,717533.400021475,640378.111933629,717502.780105455,0.56735384711981,0.56727925766243,2020.72670136683,2020.72677595629,253200000,hCoV-19/Belgium/ULG-10489/2020|EPI_ISL_581652|2020-09-23|Europe,Liège,Liège,4540,4540
1916,1917,0.00327,643915.822864826,730155.9421788,643904.743083174,730193.785411468,0.53454723510228,0.53127723510228,2020.69069934427,2020.69396934427,253200000,NA,Liège,Liège,4100,4100
1916,1396,0.1262405464,643915.822864826,730155.9421788,652406.102805564,759900.891482833,0.65751778150228,0.53127723510228,2020.69069934427,2020.81693989067,253200000,hCoV-19/Belgium/ULG-10663/2020|EPI_ISL_636640|2020-10-26|Europe,Liège,Liège,4100,4841
1917,1918,0.00258999999999998,643904.743083174,730193.785411468,643950.221726317,730113.599385617,0.53713723510228,0.53454723510228,2020.69396934427,2020.69655934427,253200000,NA,Liège,Liège,4100,4100
1917,1397,0.1830798361,643904.743083174,730193.785411468,625761.72499279,732794.605668947,0.71762707120228,0.53454723510228,2020.69396934427,2020.87704918037,253200000,hCoV-19/Belgium/ULG-10814/2020|EPI_ISL_661239|2020-11-17|Europe,Liège,Liège,4100,4180
1918,1926,0.00255000000000005,643950.221726317,730113.599385617,643929.745779205,730130.788475546,0.53968723510228,0.53713723510228,2020.69655934427,2020.69910934427,253200000,NA,Liège,Liège,4100,4100
1918,1919,0.08722,643950.221726317,730113.599385617,643922.588779768,730070.718296978,0.62435723510228,0.53713723510228,2020.69655934427,2020.78377934427,253200000,NA,Liège,Liège,4100,4100
1919,1920,0.0208,643922.588779768,730070.718296978,643799.492082746,731080.413767269,0.64515723510228,0.62435723510228,2020.78377934427,2020.80457934427,253200000,NA,Liège,Liège,4100,4100
1920,1923,0.000680000000000014,643799.492082746,731080.413767269,651473.078148153,737310.218865813,0.64583723510228,0.64515723510228,2020.80457934427,2020.80525934427,253200000,NA,Liège,Liège,4100,4041
1920,1921,0.000689999999999968,643799.492082746,731080.413767269,637818.86530569,722697.162583816,0.64584723510228,0.64515723510228,2020.80457934427,2020.80526934427,253200000,NA,Liège,Liège,4100,4480
1921,1922,7.00000000000145e-05,637818.86530569,722697.162583816,637818.484852236,722701.326927162,0.64591723510228,0.64584723510228,2020.80526934427,2020.80533934427,253200000,NA,Liège,Liège,4480,4480
1922,1400,0.00340382513699999,637818.484852236,722701.326927162,637826.628011955,722818.552201655,0.64932106023928,0.64591723510228,2020.80533934427,2020.80874316941,253200000,hCoV-19/Belgium/ULG-10517/2020|EPI_ISL_626276|2020-10-23|Europe,Liège,Liège,4480,4480
1923,1402,0.00348382513699996,651473.078148153,737310.218865813,654382.105228529,739247.505180896,0.64932106023928,0.64583723510228,2020.80525934427,2020.80874316941,253200000,hCoV-19/Belgium/ULG-10516/2020|EPI_ISL_626260|2020-10-23|Europe,Liège,Liège,4041,4040
1923,1924,7.00000000000145e-05,651473.078148153,737310.218865813,637818.484852236,722701.326927162,0.64590723510228,0.64583723510228,2020.80525934427,2020.80532934427,253200000,NA,Liège,Liège,4041,4480
1924,1925,9.99999999995449e-06,637818.484852236,722701.326927162,651481.933041296,737298.548107251,0.64591723510228,0.64590723510228,2020.80532934427,2020.80533934427,253200000,NA,Liège,Liège,4480,4041
1924,1403,0.00341382513699995,637818.484852236,722701.326927162,651467.254903894,737397.746907699,0.64932106023928,0.64590723510228,2020.80532934427,2020.80874316941,253200000,hCoV-19/Belgium/ULG-10508/2020|EPI_ISL_626259|2020-10-23|Europe,Liège,Liège,4480,4040
1925,1404,0.00340382513699999,651481.933041296,737298.548107251,633471.045585241,740160.377015449,0.64932106023928,0.64591723510228,2020.80533934427,2020.80874316941,253200000,hCoV-19/Belgium/ULG-10568/2020|EPI_ISL_626275|2020-10-23|Europe,Liège,Liège,4041,4140
1925,1405,0.00340382513699999,651481.933041296,737298.548107251,633095.032950229,746412.142224544,0.64932106023928,0.64591723510228,2020.80533934427,2020.80874316941,253200000,hCoV-19/Belgium/ULG-10554/2020|EPI_ISL_626272|2020-10-23|Europe,Liège,Liège,4041,4920
1926,1928,0.00243000000000004,643929.745779205,730130.788475546,641977.117944866,731037.19921484,0.54211723510228,0.53968723510228,2020.69910934427,2020.70153934427,253200000,NA,Liège,Liège,4100,4100
1926,1927,0.10644,643929.745779205,730130.788475546,644070.099652001,729824.27642985,0.64612723510228,0.53968723510228,2020.69910934427,2020.80554934427,253200000,NA,Liège,Liège,4100,4100
1927,1406,0.07149983607,644070.099652001,729824.27642985,643964.555524272,729936.304370143,0.71762707117228,0.64612723510228,2020.80554934427,2020.87704918034,253200000,hCoV-19/Belgium/ULG-10813/2020|EPI_ISL_661238|2020-11-17|Europe,Liège,Liège,4100,4100
1927,1407,0.06876759563,644070.099652001,729824.27642985,656615.98833469,722349.498239065,0.71489483073228,0.64612723510228,2020.80554934427,2020.8743169399,253200000,hCoV-19/Belgium/ULG-10783/2020|EPI_ISL_661219|2020-11-16|Europe,Liège,Liège,4100,4367
1928,1408,0.1072038251,641977.117944866,731037.19921484,654328.770958879,743986.452045759,0.64932106020228,0.54211723510228,2020.70153934427,2020.80874316937,253200000,hCoV-19/Belgium/ULG-10558/2020|EPI_ISL_626283|2020-10-23|Europe,Liège,Liège,4100,4672
1928,1929,0.00229000000000001,641977.117944866,731037.19921484,647882.966840286,737316.216927684,0.54440723510228,0.54211723510228,2020.70153934427,2020.70382934427,253200000,NA,Liège,Liège,4100,4020
1929,1930,0.002645003127,647882.966840286,737316.216927684,641975.281142998,731116.657434037,0.54705223822928,0.54440723510228,2020.70382934427,2020.7064743474,253200000,NA,Liège,Liège,4020,4100
1929,1935,0.00239,647882.966840286,737316.216927684,641970.900472626,731055.324732819,0.54679723510228,0.54440723510228,2020.70382934427,2020.70621934427,253200000,NA,Liège,Liège,4020,4100
1930,1932,0.00062311725340003,641975.281142998,731116.657434037,640699.82529717,740060.375289989,0.54767535548268,0.54705223822928,2020.7064743474,2020.70709746465,253200000,NA,Liège,Liège,4100,4052
1930,1931,0.00027499687260002,641975.281142998,731116.657434037,641975.932383675,731113.636300864,0.54732723510188,0.54705223822928,2020.7064743474,2020.70674934427,253200000,NA,Liège,Liège,4100,4100
1931,1409,0.1101905464,641975.932383675,731113.636300864,641908.509728853,731122.328724719,0.65751778150188,0.54732723510188,2020.70674934427,2020.81693989067,253200000,hCoV-19/Belgium/ULG-10707/2020|EPI_ISL_636679|2020-10-26|Europe,Liège,Liège,4100,4100
1931,1410,0.1019938251,641975.932383675,731113.636300864,651106.9339072,736337.245416931,0.64932106020188,0.54732723510188,2020.70674934427,2020.80874316937,253200000,hCoV-19/Belgium/ULG-10514/2020|EPI_ISL_626282|2020-10-23|Europe,Liège,Liège,4100,4000
1932,1933,0.07134187962,640699.82529717,740060.375289989,642766.346848441,739468.496672678,0.61901723510268,0.54767535548268,2020.70709746465,2020.77843934427,253200000,NA,Liège,Liège,4052,4051
1932,1934,5.187961916997e-05,640699.82529717,740060.375289989,640704.534699269,740053.418272135,0.54772723510185,0.54767535548268,2020.70709746465,2020.70714934427,253200000,NA,Liège,Liège,4052,4052
1933,1411,0.03030382514,642766.346848441,739468.496672678,648832.618602846,743949.334253762,0.64932106024268,0.61901723510268,2020.77843934427,2020.80874316941,253200000,hCoV-19/Belgium/ULG-10564/2020|EPI_ISL_626309|2020-10-23|Europe,Liège,Liège,4051,4621
1933,1412,0.03030382514,642766.346848441,739468.496672678,642776.490802824,739403.851261454,0.64932106024268,0.61901723510268,2020.77843934427,2020.80874316941,253200000,hCoV-19/Belgium/ULG-10566/2020|EPI_ISL_626308|2020-10-23|Europe,Liège,Liège,4051,4051
1934,1413,0.1097905464,640704.534699269,740053.418272135,634226.961284136,711564.013823679,0.65751778150185,0.54772723510185,2020.70714934427,2020.81693989067,253200000,hCoV-19/Belgium/ULG-10658/2020|EPI_ISL_636635|2020-10-26|Europe,Liège,Liège,4052,4500
1934,1414,0.1015938251,640704.534699269,740053.418272135,640700.799365867,740050.858036408,0.64932106020185,0.54772723510185,2020.70714934427,2020.80874316937,253200000,hCoV-19/Belgium/ULG-10537/2020|EPI_ISL_626291|2020-10-23|Europe,Liège,Liège,4052,4052
1935,1936,0.05198212623,641970.900472626,731055.324732819,645616.258502877,741304.671515862,0.59877936133228,0.54679723510228,2020.70621934427,2020.7582014705,253200000,NA,Liège,Liège,4100,4624
1935,1939,0.00233000000000005,641970.900472626,731055.324732819,641945.314404835,731166.65831395,0.54912723510228,0.54679723510228,2020.70621934427,2020.70854934427,253200000,NA,Liège,Liège,4100,4100
1936,1937,0.000747873771099972,645616.258502877,741304.671515862,645615.720735795,741268.086926058,0.59952723510338,0.59877936133228,2020.7582014705,2020.75894934427,253200000,NA,Liège,Liège,4624,4624
1936,1938,0.000807873771100032,645616.258502877,741304.671515862,645613.886091057,741317.50431378,0.59958723510338,0.59877936133228,2020.7582014705,2020.75900934427,253200000,NA,Liège,Liège,4624,4624
1937,1416,0.05799054645,645615.720735795,741268.086926058,626773.656583968,714852.157947068,0.65751778155338,0.59952723510338,2020.75894934427,2020.81693989072,253200000,hCoV-19/Belgium/ULG-10665/2020|EPI_ISL_636641|2020-10-26|Europe,Liège,Liège,4624,4577
1937,1415,0.06072278689,645615.720735795,741268.086926058,645599.537525205,741258.181386831,0.66025002199338,0.59952723510338,2020.75894934427,2020.81967213116,253200000,hCoV-19/Belgium/ULG-10640/2020|EPI_ISL_636618|2020-10-27|Europe,Liège,Liège,4624,4624
1938,1417,0.05793054645,645613.886091057,741317.50431378,646132.62805022,743786.223037399,0.65751778155338,0.59958723510338,2020.75900934427,2020.81693989072,253200000,hCoV-19/Belgium/ULG-10626/2020|EPI_ISL_636605|2020-10-26|Europe,Liège,Liège,4624,4620
1938,1418,0.05793054645,645613.886091057,741317.50431378,647775.078006789,735602.575597101,0.65751778155338,0.59958723510338,2020.75900934427,2020.81693989072,253200000,hCoV-19/Belgium/ULG-10688/2020|EPI_ISL_636660|2020-10-26|Europe,Liège,Liège,4624,4020
1939,1942,0.00139170445100001,641945.314404835,731166.65831395,641826.017749891,730951.929497935,0.55051893955328,0.54912723510228,2020.70854934427,2020.70994104872,253200000,NA,Liège,Liège,4100,4100
1939,1940,7.00000000000145e-05,641945.314404835,731166.65831395,637818.484852236,722701.326927162,0.54919723510228,0.54912723510228,2020.70854934427,2020.70861934427,253200000,NA,Liège,Liège,4100,4480
1940,1941,0.0970300000000001,637818.484852236,722701.326927162,628929.443162512,725368.589151716,0.64622723510228,0.54919723510228,2020.70861934427,2020.80564934427,253200000,NA,Liège,Liège,4480,4590
1940,1419,0.1083205464,637818.484852236,722701.326927162,642637.247222143,725463.769790282,0.65751778150228,0.54919723510228,2020.70861934427,2020.81693989067,253200000,hCoV-19/Belgium/ULG-10696/2020|EPI_ISL_636668|2020-10-26|Europe,Liège,Liège,4480,4400
1941,1421,0.00309382513699996,628929.443162512,725368.589151716,628927.91607259,725369.00278679,0.64932106023928,0.64622723510228,2020.80564934427,2020.80874316941,253200000,hCoV-19/Belgium/ULG-10529/2020|EPI_ISL_626300|2020-10-23|Europe,Liège,Liège,4590,4590
1941,1420,0.02495174863,628929.443162512,725368.589151716,646470.890637994,740898.650907324,0.67117898373228,0.64622723510228,2020.80564934427,2020.8306010929,253200000,hCoV-19/Belgium/ULG-10767/2020|EPI_ISL_644613|2020-10-31|Europe,Liège,Liège,4590,4610
1942,1943,0.000938295549499979,641826.017749891,730951.929497935,641827.68780466,730946.105064285,0.55145723510278,0.55051893955328,2020.70994104872,2020.71087934427,253200000,NA,Liège,Liège,4100,4100
1942,1422,0.1206600442,641826.017749891,730951.929497935,636526.575891308,717017.417413606,0.67117898375328,0.55051893955328,2020.70994104872,2020.83060109292,253200000,hCoV-19/Belgium/ULG-10779/2020|EPI_ISL_644625|2020-10-31|Europe,Liège,Liège,4100,4540
1943,1944,0.00312999999999997,641827.68780466,730946.105064285,647898.27206015,734875.317488137,0.55458723510278,0.55145723510278,2020.71087934427,2020.71400934427,253200000,NA,Liège,Liège,4100,4000
1943,1423,0.00223540983600001,641827.68780466,730946.105064285,635599.175271236,724158.143009722,0.55369264493878,0.55145723510278,2020.71087934427,2020.71311475411,253200000,hCoV-19/Belgium/ULG-10731/2020|EPI_ISL_641573|2020-09-18|Europe,Liège,Liège,4100,4550
1944,1945,0.00396722941500005,647898.27206015,734875.317488137,647898.522946888,734862.445793514,0.55855446451778,0.55458723510278,2020.71400934427,2020.71797657369,253200000,NA,Liège,Liège,4000,4000
1944,1948,0.00780000000000003,647898.27206015,734875.317488137,647907.106715143,734866.692328845,0.56238723510278,0.55458723510278,2020.71400934427,2020.72180934427,253200000,NA,Liège,Liège,4000,4000
1945,1424,0.000602661294999973,647898.522946888,734862.445793514,643247.025649956,718999.6413873,0.55915712581278,0.55855446451778,2020.71797657369,2020.71857923498,253200000,hCoV-19/Belgium/ULG-10760/2020|EPI_ISL_641602|2020-09-20|Europe,Liège,Liège,4000,4470
1945,1946,0.00322277058499998,647898.522946888,734862.445793514,647894.202517765,734866.576064169,0.56177723510278,0.55855446451778,2020.71797657369,2020.72119934427,253200000,NA,Liège,Liège,4000,4000
1946,1425,0.00284437158499995,647894.202517765,734866.576064169,647884.345124222,734892.992330132,0.56462160668778,0.56177723510278,2020.72119934427,2020.72404371586,253200000,hCoV-19/Belgium/ULG-10474/2020|EPI_ISL_581643|2020-09-22|Europe,Liège,Liège,4000,4000
1946,1947,0.0850299999999999,647894.202517765,734866.576064169,632820.814780235,746805.217531523,0.64680723510278,0.56177723510278,2020.72119934427,2020.80622934427,253200000,NA,Liège,Liège,4000,4920
1947,1427,0.06808759563,632820.814780235,746805.217531523,624105.022870635,744336.360317447,0.71489483073278,0.64680723510278,2020.80622934427,2020.8743169399,253200000,hCoV-19/Belgium/ULG-10781/2020|EPI_ISL_661218|2020-11-16|Europe,Liège,Liège,4920,4920
1947,1426,0.06808759563,632820.814780235,746805.217531523,632563.8145114,746988.782046119,0.71489483073278,0.64680723510278,2020.80622934427,2020.8743169399,253200000,hCoV-19/Belgium/ULG-10790/2020|EPI_ISL_661225|2020-11-16|Europe,Liège,Liège,4920,4920
1948,1949,0.00175000000000003,647907.106715143,734866.692328845,632918.027283465,708639.487276876,0.56413723510278,0.56238723510278,2020.72180934427,2020.72355934427,253200000,NA,Liège,Liège,4000,4500
1948,1950,0.00341000000000002,647907.106715143,734866.692328845,647897.688360065,734918.400503416,0.56579723510278,0.56238723510278,2020.72180934427,2020.72521934427,253200000,NA,Liège,Liège,4000,4000
1949,1429,0.00321661202199996,632918.027283465,708639.487276876,630364.675163505,735290.602152792,0.56735384712478,0.56413723510278,2020.72355934427,2020.72677595629,253200000,hCoV-19/Belgium/ULG-10476/2020|EPI_ISL_581645|2020-09-23|Europe,Liège,Liège,4500,4170
1949,1428,0.00048437158479997,632918.027283465,708639.487276876,648450.874727521,739291.177942285,0.56462160668758,0.56413723510278,2020.72355934427,2020.72404371586,253200000,hCoV-19/Belgium/ULG-10475/2020|EPI_ISL_581644|2020-09-22|Europe,Liège,Liège,4500,4020
1950,1430,0.00155661202199997,647897.688360065,734918.400503416,637815.134685799,727982.276679012,0.56735384712478,0.56579723510278,2020.72521934427,2020.72677595629,253200000,hCoV-19/Belgium/ULG-10497/2020|EPI_ISL_581659|2020-09-23|Europe,Liège,Liège,4000,4121
1950,1951,0.00624999999999998,647897.688360065,734918.400503416,647917.233359091,734869.849235352,0.57204723510278,0.56579723510278,2020.72521934427,2020.73146934427,253200000,NA,Liège,Liège,4000,4000
1951,1431,0.000771092896100001,647917.233359091,734869.849235352,656501.548645067,737997.403264796,0.57281832799888,0.57204723510278,2020.73146934427,2020.73224043717,253200000,hCoV-19/Belgium/ULG-10504/2020|EPI_ISL_581666|2020-09-25|Europe,Liège,Liège,4000,4680
1951,1952,0.06879,647917.233359091,734869.849235352,647018.72439765,734495.190171913,0.64083723510278,0.57204723510278,2020.73146934427,2020.80025934427,253200000,NA,Liège,Liège,4000,4000
1952,1432,0.03580622951,647018.72439765,734495.190171913,647310.87845878,734482.757185215,0.67664346461278,0.64083723510278,2020.80025934427,2020.83606557378,253200000,hCoV-19/Belgium/ULG-10769/2020|EPI_ISL_644615|2020-11-02|Europe,Liège,Liège,4000,4000
1952,1953,0.00209999999999999,647018.72439765,734495.190171913,646315.535303832,735842.88935973,0.64293723510278,0.64083723510278,2020.80025934427,2020.80235934427,253200000,NA,Liège,Liège,4000,4020
1953,1433,0.00638382513699998,646315.535303832,735842.88935973,645133.413520535,753594.997287943,0.64932106023978,0.64293723510278,2020.80235934427,2020.80874316941,253200000,hCoV-19/Belgium/ULG-10539/2020|EPI_ISL_626265|2020-10-23|Europe,Liège,Liège,4020,4800
1953,1954,0.00212999999999997,646315.535303832,735842.88935973,646322.100014577,735839.904511035,0.64506723510278,0.64293723510278,2020.80235934427,2020.80448934427,253200000,NA,Liège,Liège,4020,4020
1954,1434,0.00425382513700001,646322.100014577,735839.904511035,646306.041690707,735901.253397253,0.64932106023978,0.64506723510278,2020.80448934427,2020.80874316941,253200000,hCoV-19/Belgium/ULG-10530/2020|EPI_ISL_626322|2020-10-23|Europe,Liège,Liège,4020,4020
1956,1957,0.00070879854689998,643916.525823184,730106.417509673,643920.313680308,730091.221662603,0.52899723510228,0.52828843655538,2020.68771054572,2020.68841934427,253200000,NA,Liège,Liège,4100,4100
1956,1958,0.00070879854689998,643916.525823184,730106.417509673,643920.313680308,730091.221662603,0.52899723510228,0.52828843655538,2020.68771054572,2020.68841934427,253200000,NA,Liège,Liège,4100,4100
1957,1438,0.1886298361,643920.313680308,730091.221662603,633437.819651099,710494.632186325,0.71762707120228,0.52899723510228,2020.68841934427,2020.87704918037,253200000,hCoV-19/Belgium/ULG-10812/2020|EPI_ISL_661237|2020-11-17|Europe,Liège,Liège,4100,4500
1957,1437,0.1203238251,643920.313680308,730091.221662603,645462.915416986,740332.644525773,0.64932106020228,0.52899723510228,2020.68841934427,2020.80874316937,253200000,hCoV-19/Belgium/ULG-10589/2020|EPI_ISL_626295|2020-10-23|Europe,Liège,Liège,4100,4610
1958,1439,0.03015989071,643920.313680308,730091.221662603,637062.648471253,718750.543465978,0.55915712581228,0.52899723510228,2020.68841934427,2020.71857923498,253200000,hCoV-19/Belgium/ULG-10759/2020|EPI_ISL_641601|2020-09-20|Europe,Liège,Liège,4100,4540
1958,1440,0.1886298361,643920.313680308,730091.221662603,644471.097416747,739087.137585266,0.71762707120228,0.52899723510228,2020.68841934427,2020.87704918037,253200000,hCoV-19/Belgium/ULG-10816/2020|EPI_ISL_661240|2020-11-17|Europe,Liège,Liège,4100,4032
1959,1960,0.02403,643909.655306821,730066.435809484,643980.824159273,729925.03570579,0.5342272351022,0.5101972351022,2020.66961934427,2020.69364934427,253200000,NA,Liège,Liège,4100,4100
1959,1965,0.02346584838,643909.655306821,730066.435809484,643444.866403006,736691.057633369,0.5336630834822,0.5101972351022,2020.66961934427,2020.69308519265,253200000,NA,Liège,Liège,4100,4053
1960,1961,0.0361900000000001,643980.824159273,729925.03570579,644627.275711303,730754.869890819,0.5704172351022,0.5342272351022,2020.69364934427,2020.72983934427,253200000,NA,Liège,Liège,4100,4100
1960,1441,0.1150938251,643980.824159273,729925.03570579,647099.481781359,738901.209880813,0.6493210602022,0.5342272351022,2020.69364934427,2020.80874316937,253200000,hCoV-19/Belgium/ULG-10587/2020|EPI_ISL_626302|2020-10-23|Europe,Liège,Liège,4100,4030
1961,1442,0.08710054645,644627.275711303,730754.869890819,640742.10387799,747536.174581378,0.6575177815522,0.5704172351022,2020.72983934427,2020.81693989072,253200000,hCoV-19/Belgium/ULG-10635/2020|EPI_ISL_636613|2020-10-26|Europe,Liège,Liège,4100,4870
1961,1962,0.0539499999999999,644627.275711303,730754.869890819,644800.269656422,730655.006526858,0.6243672351022,0.5704172351022,2020.72983934427,2020.78378934427,253200000,NA,Liège,Liège,4100,4100
1962,1963,0.02289,644800.269656422,730655.006526858,644806.639832317,730595.834283034,0.6472572351022,0.6243672351022,2020.78378934427,2020.80667934427,253200000,NA,Liège,Liège,4100,4100
1962,1443,0.02495382514,644800.269656422,730655.006526858,653102.048752367,714896.109873203,0.6493210602422,0.6243672351022,2020.78378934427,2020.80874316941,253200000,hCoV-19/Belgium/ULG-10527/2020|EPI_ISL_626321|2020-10-23|Europe,Liège,Liège,4100,4300
1963,1444,0.06763759563,644806.639832317,730595.834283034,644751.595461006,730838.808357392,0.7148948307322,0.6472572351022,2020.80667934427,2020.8743169399,253200000,hCoV-19/Belgium/ULG-10784/2020|EPI_ISL_661220|2020-11-16|Europe,Liège,Liège,4100,4100
1963,1964,0.00051000000000001,644806.639832317,730595.834283034,644806.35459814,730581.434693313,0.6477672351022,0.6472572351022,2020.80667934427,2020.80718934427,253200000,NA,Liège,Liège,4100,4100
1964,1445,0.06985983607,644806.35459814,730581.434693313,645648.535315117,729239.967255714,0.7176270711722,0.6477672351022,2020.80718934427,2020.87704918034,253200000,hCoV-19/Belgium/ULG-10807/2020|EPI_ISL_661234|2020-11-17|Europe,Liège,Liège,4100,4101
1964,1446,0.0725920765,644806.35459814,730581.434693313,655280.604017645,747762.826530495,0.7203593116022,0.6477672351022,2020.80718934427,2020.87978142077,253200000,hCoV-19/Belgium/ULG-10819/2020|EPI_ISL_661242|2020-11-18|Europe,Liège,Liège,4100,4606
1965,1966,0.000904151622600047,643444.866403006,736691.057633369,643426.008650827,736758.641413192,0.5345672351048,0.5336630834822,2020.69308519265,2020.69398934427,253200000,NA,Liège,Liège,4053,4053
1965,1967,0.000904151622600047,643444.866403006,736691.057633369,643426.008650827,736758.641413192,0.5345672351048,0.5336630834822,2020.69308519265,2020.69398934427,253200000,NA,Liège,Liège,4053,4053
1966,1447,0.03278661202,643426.008650827,736758.641413192,649157.618791044,736986.449397286,0.5673538471248,0.5345672351048,2020.69398934427,2020.72677595629,253200000,hCoV-19/Belgium/ULG-10500/2020|EPI_ISL_581662|2020-09-23|Europe,Liège,Liège,4053,4020
1967,1968,0.0188293267,643426.008650827,736758.641413192,643212.52871226,736735.588317594,0.5533965618048,0.5345672351048,2020.69398934427,2020.71281867097,253200000,NA,Liège,Liège,4053,4053
1967,1970,0.00573000000000001,643426.008650827,736758.641413192,643248.712584164,736730.723648826,0.5402972351048,0.5345672351048,2020.69398934427,2020.69971934427,253200000,NA,Liège,Liège,4053,4053
1968,1969,0.000310673300999986,643212.52871226,736735.588317594,643213.34419696,736741.108516734,0.5537072351058,0.5533965618048,2020.71281867097,2020.71312934427,253200000,NA,Liège,Liège,4053,4053
1968,1449,0.000296083137000025,643212.52871226,736735.588317594,650081.635239661,739819.672776408,0.5536926449418,0.5533965618048,2020.71281867097,2020.71311475411,253200000,hCoV-19/Belgium/ULG-10739/2020|EPI_ISL_641581|2020-09-18|Europe,Liège,Liège,4053,4020
1969,1451,0.1639198361,643213.34419696,736741.108516734,645428.80958107,740103.702999541,0.7176270712058,0.5537072351058,2020.71312934427,2020.87704918037,253200000,hCoV-19/Belgium/ULG-10801/2020|EPI_ISL_661231|2020-11-17|Europe,Liège,Liège,4053,4051
1969,1450,0.1038105464,643213.34419696,736741.108516734,633643.88181472,727138.470262287,0.6575177815058,0.5537072351058,2020.71312934427,2020.81693989067,253200000,hCoV-19/Belgium/ULG-10699/2020|EPI_ISL_636671|2020-10-26|Europe,Liège,Liège,4053,4550
1970,1452,0.00246644808800001,643248.712584164,736730.723648826,631150.526272482,720138.712834971,0.5427636831928,0.5402972351048,2020.69971934427,2020.70218579236,253200000,hCoV-19/Belgium/ULG-10720/2020|EPI_ISL_641562|2020-09-14|Europe,Liège,Liège,4053,4557
1970,1971,0.00217000000000001,643248.712584164,736730.723648826,643243.801012024,736701.403126007,0.5424672351048,0.5402972351048,2020.69971934427,2020.70188934427,253200000,NA,Liège,Liège,4053,4053
1971,1972,0.00238000000000005,643243.801012024,736701.403126007,634340.060710181,734395.452013342,0.5448472351048,0.5424672351048,2020.70188934427,2020.70426934427,253200000,NA,Liège,Liège,4053,4130
1971,1453,0.000296448087499956,643243.801012024,736701.403126007,643244.009401318,736693.566408168,0.5427636831923,0.5424672351048,2020.70188934427,2020.70218579236,253200000,hCoV-19/Belgium/ULG-10719/2020|EPI_ISL_641561|2020-09-14|Europe,Liège,Liège,4053,4053
1972,1974,0.00241999999999998,634340.060710181,734395.452013342,634330.303537494,734569.779298466,0.5472672351048,0.5448472351048,2020.70426934427,2020.70668934427,253200000,NA,Liège,Liège,4130,4130
1972,1973,0.10109,634340.060710181,734395.452013342,636746.776518971,735624.378201685,0.6459372351048,0.5448472351048,2020.70426934427,2020.80535934427,253200000,NA,Liège,Liège,4130,4130
1973,1455,0.00338382513699997,636746.776518971,735624.378201685,629333.931916456,721999.506957197,0.6493210602418,0.6459372351048,2020.80535934427,2020.80874316941,253200000,hCoV-19/Belgium/ULG-10549/2020|EPI_ISL_626278|2020-10-23|Europe,Liège,Liège,4130,4557
1973,1454,0.00338382513699997,636746.776518971,735624.378201685,636697.883657663,735728.655405151,0.6493210602418,0.6459372351048,2020.80535934427,2020.80874316941,253200000,hCoV-19/Belgium/ULG-10510/2020|EPI_ISL_626271|2020-10-23|Europe,Liège,Liège,4130,4130
1974,1975,0.03367505671,634330.303537494,734569.779298466,634160.887398971,734650.345763685,0.5809422918148,0.5472672351048,2020.70668934427,2020.74036440098,253200000,NA,Liège,Liège,4130,4130
1974,1981,0.001479543079,634330.303537494,734569.779298466,637878.255654729,747848.147150326,0.5487467781838,0.5472672351048,2020.70668934427,2020.70816888735,253200000,NA,Liège,Liège,4130,4141
1975,1977,1.49432873699507e-05,634160.887398971,734650.345763685,634141.792176517,734649.231760451,0.58095723510217,0.5809422918148,2020.74036440098,2020.74037934427,253200000,NA,Liège,Liège,4130,4130
1975,1976,1.49432873699507e-05,634160.887398971,734650.345763685,634141.792176517,734649.231760451,0.58095723510217,0.5809422918148,2020.74036440098,2020.74037934427,253200000,NA,Liège,Liège,4130,4130
1976,1457,0.0683638251400001,634141.792176517,734649.231760451,653784.319388304,732122.173237318,0.64932106024217,0.58095723510217,2020.74037934427,2020.80874316941,253200000,hCoV-19/Belgium/ULG-10580/2020|EPI_ISL_626255|2020-10-23|Europe,Liège,Liège,4130,4450
1976,1456,0.07656054645,634141.792176517,734649.231760451,625062.43113683,734256.091014646,0.65751778155217,0.58095723510217,2020.74037934427,2020.81693989072,253200000,hCoV-19/Belgium/ULG-10655/2020|EPI_ISL_636632|2020-10-26|Europe,Liège,Liège,4130,4180
1977,1979,0.04353,634141.792176517,734649.231760451,634215.536957983,734593.940051254,0.62448723510217,0.58095723510217,2020.74037934427,2020.78390934427,253200000,NA,Liège,Liège,4130,4130
1977,1978,0.06636,634141.792176517,734649.231760451,639535.141775858,723131.430280693,0.64731723510217,0.58095723510217,2020.74037934427,2020.80673934427,253200000,NA,Liège,Liège,4130,4480
1978,1459,0.01020054645,639535.141775858,723131.430280693,639519.48310725,723223.069287501,0.65751778155217,0.64731723510217,2020.80673934427,2020.81693989072,253200000,hCoV-19/Belgium/ULG-10666/2020|EPI_ISL_636642|2020-10-26|Europe,Liège,Liège,4480,4480
1978,1458,0.01020054645,639535.141775858,723131.430280693,638986.16858967,716210.194238665,0.65751778155217,0.64731723510217,2020.80673934427,2020.81693989072,253200000,hCoV-19/Belgium/ULG-10667/2020|EPI_ISL_636643|2020-10-26|Europe,Liège,Liège,4480,4540
1979,1980,0.0219200000000001,634215.536957983,734593.940051254,652664.608390477,741255.94205826,0.64640723510217,0.62448723510217,2020.78390934427,2020.80582934427,253200000,NA,Liège,Liège,4130,4020
1979,1460,0.03576278689,634215.536957983,734593.940051254,634190.351876485,734505.921255214,0.66025002199217,0.62448723510217,2020.78390934427,2020.81967213116,253200000,hCoV-19/Belgium/ULG-10627/2020|EPI_ISL_636606|2020-10-27|Europe,Liège,Liège,4130,4130
1980,1461,0.01111054645,652664.608390477,741255.94205826,645528.338968298,721975.426681598,0.65751778155217,0.64640723510217,2020.80582934427,2020.81693989072,253200000,hCoV-19/Belgium/ULG-10650/2020|EPI_ISL_636628|2020-10-26|Europe,Liège,Liège,4020,4460
1980,1462,0.07121983607,652664.608390477,741255.94205826,652574.497630409,741461.713956955,0.71762707117217,0.64640723510217,2020.80582934427,2020.87704918034,253200000,hCoV-19/Belgium/ULG-10800/2020|EPI_ISL_661230|2020-11-17|Europe,Liège,Liège,4020,4020
1981,1982,0.05065045692,637878.255654729,747848.147150326,637854.509639504,747896.742680022,0.5993972351038,0.5487467781838,2020.70816888735,2020.75881934427,253200000,NA,Liège,Liège,4141,4141
1981,1986,0.000285002361400055,637878.255654729,747848.147150326,637897.142449911,747809.969913323,0.5490317805452,0.5487467781838,2020.70816888735,2020.70845388971,253200000,NA,Liège,Liège,4141,4141
1982,1983,0.00290000000000001,637854.509639504,747896.742680022,640350.06617867,747394.686786183,0.6022972351038,0.5993972351038,2020.75881934427,2020.76171934427,253200000,NA,Liège,Liège,4141,4870
1982,1463,0.04992382514,637854.509639504,747896.742680022,649384.301384314,757936.198824934,0.6493210602438,0.5993972351038,2020.75881934427,2020.80874316941,253200000,hCoV-19/Belgium/ULG-10545/2020|EPI_ISL_626306|2020-10-23|Europe,Liège,Liège,4141,4890
1983,1984,0.04501,640350.06617867,747394.686786183,646442.259226805,745192.295422286,0.6473072351038,0.6022972351038,2020.76171934427,2020.80672934427,253200000,NA,Liège,Liège,4870,4630
1983,1985,0.04569,640350.06617867,747394.686786183,640337.52802253,747485.310024983,0.6479872351038,0.6022972351038,2020.76171934427,2020.80740934427,253200000,NA,Liège,Liège,4870,4870
1984,1465,0.01021054645,646442.259226805,745192.295422286,646391.585149466,745336.928484464,0.6575177815538,0.6473072351038,2020.80672934427,2020.81693989072,253200000,hCoV-19/Belgium/ULG-10629/2020|EPI_ISL_636608|2020-10-26|Europe,Liège,Liège,4630,4630
1984,1464,0.00201382513699999,646442.259226805,745192.295422286,642832.134933976,739096.9045888,0.6493210602408,0.6473072351038,2020.80672934427,2020.80874316941,253200000,hCoV-19/Belgium/ULG-10506/2020|EPI_ISL_626297|2020-10-23|Europe,Liège,Liège,4630,4051
1985,1467,0.00679830601099995,640337.52802253,747485.310024983,640314.960506051,747530.924690934,0.6547855411148,0.6479872351038,2020.80740934427,2020.81420765028,253200000,hCoV-19/Belgium/ULG-10639/2020|EPI_ISL_636617|2020-10-25|Europe,Liège,Liège,4870,4870
1985,1466,0.02319174863,640337.52802253,747485.310024983,641531.748402543,741652.512239377,0.6711789837338,0.6479872351038,2020.80740934427,2020.8306010929,253200000,hCoV-19/Belgium/ULG-10765/2020|EPI_ISL_644611|2020-10-31|Europe,Liège,Liège,4870,4870
1986,1992,0.000805454559499985,637897.142449911,747809.969913323,637889.079838324,747817.248719995,0.5498372351047,0.5490317805452,2020.70845388971,2020.70925934427,253200000,NA,Liège,Liège,4141,4141
1986,1987,0.00223545455899998,637897.142449911,747809.969913323,647365.812934745,738469.705343669,0.5512672351042,0.5490317805452,2020.70845388971,2020.71068934427,253200000,NA,Liège,Liège,4141,4030
1987,1468,0.0980538251399999,647365.812934745,738469.705343669,648738.401687797,741515.077954964,0.6493210602442,0.5512672351042,2020.71068934427,2020.80874316941,253200000,hCoV-19/Belgium/ULG-10555/2020|EPI_ISL_626317|2020-10-23|Europe,Liège,Liège,4030,4610
1987,1988,0.00511845540300004,647365.812934745,738469.705343669,647370.84975786,738440.150047824,0.5563856905072,0.5512672351042,2020.71068934427,2020.71580779968,253200000,NA,Liège,Liège,4030,4030
1988,1989,0.00873154459699998,647370.84975786,738440.150047824,646314.083490689,733564.527384387,0.5651172351042,0.5563856905072,2020.71580779968,2020.72453934427,253200000,NA,Liège,Liège,4030,4000
1988,1469,3.91948702199718e-05,647370.84975786,738440.150047824,647371.277909993,738443.895538532,0.55642488537742,0.5563856905072,2020.71580779968,2020.71584699455,253200000,hCoV-19/Belgium/ULG-10764/2020|EPI_ISL_641606|2020-09-19|Europe,Liège,Liège,4030,4030
1989,1990,0.00124999999999997,646314.083490689,733564.527384387,646305.038012025,733578.749796546,0.5663672351042,0.5651172351042,2020.72453934427,2020.72578934427,253200000,NA,Liège,Liège,4000,4000
1989,1470,0.00223661202199998,646314.083490689,733564.527384387,649122.568908645,728396.007877213,0.5673538471262,0.5651172351042,2020.72453934427,2020.72677595629,253200000,hCoV-19/Belgium/ULG-10499/2020|EPI_ISL_581661|2020-09-23|Europe,Liège,Liège,4000,4460
1990,1471,0.00098661202189998,646305.038012025,733578.749796546,646320.940199528,733537.621648092,0.5673538471261,0.5663672351042,2020.72578934427,2020.72677595629,253200000,hCoV-19/Belgium/ULG-10498/2020|EPI_ISL_581660|2020-09-23|Europe,Liège,Liège,4000,4000
1990,1991,0.08003,646305.038012025,733578.749796546,642126.641945734,715074.930064716,0.6463972351042,0.5663672351042,2020.72578934427,2020.80581934427,253200000,NA,Liège,Liège,4000,4530
1991,1473,0.07122983607,642126.641945734,715074.930064716,655991.136151479,713908.291669771,0.7176270711742,0.6463972351042,2020.80581934427,2020.87704918034,253200000,hCoV-19/Belgium/ULG-10803/2020|EPI_ISL_661232|2020-11-17|Europe,Liège,Liège,4530,4300
1991,1472,0.00292382513699996,642126.641945734,715074.930064716,642122.164081898,715106.959718617,0.6493210602412,0.6463972351042,2020.80581934427,2020.80874316941,253200000,hCoV-19/Belgium/ULG-10599/2020|EPI_ISL_626292|2020-10-23|Europe,Liège,Liège,4530,4530
1992,1993,0.0742759079,637889.079838324,747817.248719995,637859.352299707,747956.978836968,0.6241131430047,0.5498372351047,2020.70925934427,2020.78353525217,253200000,NA,Liège,Liège,4141,4141
1992,1474,0.1076805464,637889.079838324,747817.248719995,643095.306537172,751477.96458919,0.6575177815047,0.5498372351047,2020.70925934427,2020.81693989067,253200000,hCoV-19/Belgium/ULG-10694/2020|EPI_ISL_636666|2020-10-26|Europe,Liège,Liège,4141,4861
1993,1997,0.000554092101100023,637859.352299707,747956.978836968,637850.648019164,747952.729564927,0.6246672351058,0.6241131430047,2020.78353525217,2020.78408934427,253200000,NA,Liège,Liège,4141,4141
1993,1994,0.0210940921,637859.352299707,747956.978836968,637556.608793583,747703.569265964,0.6452072351047,0.6241131430047,2020.78353525217,2020.80462934427,253200000,NA,Liège,Liège,4141,4141
1994,1475,0.00411382513699998,637556.608793583,747703.569265964,658439.257497073,745266.060505119,0.6493210602417,0.6452072351047,2020.80462934427,2020.80874316941,253200000,hCoV-19/Belgium/ULG-10544/2020|EPI_ISL_626303|2020-10-23|Europe,Liège,Liège,4141,4600
1994,1995,0.000720000000000054,637556.608793583,747703.569265964,628639.003423797,745957.542324153,0.6459272351047,0.6452072351047,2020.80462934427,2020.80534934427,253200000,NA,Liège,Liège,4141,4920
1995,1476,0.00339382513700004,628639.003423797,745957.542324153,624910.346901404,742367.298462737,0.6493210602417,0.6459272351047,2020.80534934427,2020.80874316941,253200000,hCoV-19/Belgium/ULG-10531/2020|EPI_ISL_626315|2020-10-23|Europe,Liège,Liège,4920,4920
1995,1996,0.000940000000000052,628639.003423797,745957.542324153,628609.588106449,746006.284494919,0.6468672351047,0.6459272351047,2020.80534934427,2020.80628934427,253200000,NA,Liège,Liège,4920,4920
1996,1478,0.01065054645,628609.588106449,746006.284494919,628577.493496558,746141.508236634,0.6575177815547,0.6468672351047,2020.80628934427,2020.81693989072,253200000,hCoV-19/Belgium/ULG-10644/2020|EPI_ISL_636622|2020-10-26|Europe,Liège,Liège,4920,4920
1996,1477,0.01065054645,628609.588106449,746006.284494919,631693.48386975,717539.086430091,0.6575177815547,0.6468672351047,2020.80628934427,2020.81693989072,253200000,hCoV-19/Belgium/ULG-10661/2020|EPI_ISL_636638|2020-10-26|Europe,Liège,Liège,4920,4577
1997,1479,0.03285054645,637850.648019164,747952.729564927,649453.945877644,702647.263781135,0.6575177815558,0.6246672351058,2020.78408934427,2020.81693989072,253200000,hCoV-19/Belgium/ULG-10657/2020|EPI_ISL_636634|2020-10-26|Europe,Liège,Liège,4141,4280
1997,1480,0.03285054645,637850.648019164,747952.729564927,637841.234028692,747998.822522018,0.6575177815558,0.6246672351058,2020.78408934427,2020.81693989072,253200000,hCoV-19/Belgium/ULG-10662/2020|EPI_ISL_636639|2020-10-26|Europe,Liège,Liège,4141,4141
1998,1482,0.0274726776,643646.203944276,729790.564382864,647303.211686127,741775.366375317,0.4771899126961,0.4497172350961,2020.60913934426,2020.63661202186,253200000,hCoV-19/Belgium/ULG-10406/2020|EPI_ISL_540573|2020-08-21|Europe,Liège,Liège,4100,4610
1998,1481,0.06572404372,643646.203944276,729790.564382864,643841.780467258,729504.031189227,0.5154412788161,0.4497172350961,2020.60913934426,2020.67486338798,253200000,hCoV-19/Belgium/ULG-10606/2020|EPI_ISL_626251|2020-09-04|Europe,Liège,Liège,4100,4100
2004,2001,9.89071027300038e-06,645087.511730888,715855.1203663,644584.620390398,719875.528693691,9.89071027300038e-06,0,2020.71856934426,2020.71857923497,253200000,hCoV-19/Belgium/ULG-10757/2020|EPI_ISL_641599|2020-09-20|Europe,Liège,Liège,4537,4470
2004,2005,0.00479,645087.511730888,715855.1203663,631337.507884549,715135.75190671,0.00479,0,2020.71856934426,2020.72335934426,253200000,NA,Liège,Liège,4537,4577
2005,2003,0.0006843715848,631337.507884549,715135.75190671,630921.243682972,715039.47068314,0.0054743715848,0.00479,2020.72335934426,2020.72404371584,253200000,hCoV-19/Belgium/ULG-10473/2020|EPI_ISL_581642|2020-09-22|Europe,Liège,Liège,4577,4577
2209,2124,2.13114753599974e-05,632660.557532019,714330.586146299,632660.067070612,714328.808819333,0.38692253245194,0.38690122097658,2020.59833934426,2020.59836065574,253200000,hCoV-19/Belgium/ULG-10387/2020|EPI_ISL_540554|2020-08-07|Europe,Liège,Liège,4500,4500
2219,2216,0.04766382514,636477.602314169,733489.792037626,635455.777595542,730272.718722189,0.04766382514,0,2020.76107934426,2020.8087431694,253200000,hCoV-19/Belgium/ULG-10596/2020|EPI_ISL_626289|2020-10-23|Europe,Liège,Liège,4122,4120
2219,2220,0.04512,636477.602314169,733489.792037626,629414.042048837,745586.924968992,0.04512,0,2020.76107934426,2020.80619934426,253200000,NA,Liège,Liège,4122,4920
2220,2217,0.00254382513700001,629414.042048837,745586.924968992,628804.391577707,744733.023299076,0.047663825137,0.04512,2020.80619934426,2020.8087431694,253200000,hCoV-19/Belgium/ULG-10521/2020|EPI_ISL_626279|2020-10-23|Europe,Liège,Liège,4920,4920
2220,2218,0.06811759563,629414.042048837,745586.924968992,645324.756356682,746525.188571089,0.11323759563,0.04512,2020.80619934426,2020.87431693989,253200000,hCoV-19/Belgium/ULG-10820/2020|EPI_ISL_661243|2020-11-16|Europe,Liège,Liège,4920,4630
2242,2243,3.45893671499994e-05,633245.295461652,715695.323751175,633226.194618467,715698.392869809,3.45893671499994e-05,0,2020.68797475489,2020.68800934426,253200000,NA,Liège,Liège,4500,4500
2242,2244,3.45893671499994e-05,633245.295461652,715695.323751175,633226.194618467,715698.392869809,3.45893671499994e-05,0,2020.68797475489,2020.68800934426,253200000,NA,Liège,Liège,4500,4500
2243,2228,0.03056989071,633226.194618467,715698.392869809,637461.199544874,710782.835117063,0.03060448007715,3.45893671499994e-05,2020.68800934426,2020.71857923497,253200000,hCoV-19/Belgium/ULG-10756/2020|EPI_ISL_641598|2020-09-20|Europe,Liège,Liège,4500,4520
2243,2229,0.02510540984,633226.194618467,715698.392869809,630606.874657725,710995.882300278,0.02513999920715,3.45893671499994e-05,2020.68800934426,2020.7131147541,253200000,hCoV-19/Belgium/ULG-10734/2020|EPI_ISL_641576|2020-09-18|Europe,Liège,Liège,4500,4570
2244,2230,0.02510540984,633226.194618467,715698.392869809,633825.105648827,716823.260819696,0.02513999920715,3.45893671499994e-05,2020.68800934426,2020.7131147541,253200000,hCoV-19/Belgium/ULG-10733/2020|EPI_ISL_641575|2020-09-18|Europe,Liège,Liège,4500,4500
2244,2245,0.00857,633226.194618467,715698.392869809,633433.243863108,714643.540158009,0.00860458936715,3.45893671499994e-05,2020.68800934426,2020.69657934426,253200000,NA,Liège,Liège,4500,4500
2245,2231,0.03019661202,633433.243863108,714643.540158009,633238.57188312,714555.812473197,0.03880120138715,0.00860458936715,2020.69657934426,2020.72677595628,253200000,hCoV-19/Belgium/ULG-10481/2020|EPI_ISL_581590|2020-09-23|Europe,Liège,Liège,4500,4500
2245,2246,0.00395,633433.243863108,714643.540158009,633059.845742171,714716.983025389,0.01255458936715,0.00860458936715,2020.69657934426,2020.70052934426,253200000,NA,Liège,Liège,4500,4500
2246,2247,0.00216,633059.845742171,714716.983025389,633003.998236541,714813.593372702,0.01471458936715,0.01255458936715,2020.70052934426,2020.70268934426,253200000,NA,Liège,Liège,4500,4500
2246,2250,0.00216,633059.845742171,714716.983025389,633003.998236541,714813.593372702,0.01471458936715,0.01255458936715,2020.70052934426,2020.70268934426,253200000,NA,Liège,Liège,4500,4500
2247,2248,0.00221,633003.998236541,714813.593372702,632049.564391145,714943.179221587,0.01692458936715,0.01471458936715,2020.70268934426,2020.70489934426,253200000,NA,Liège,Liège,4500,4577
2247,2249,0.00221,633003.998236541,714813.593372702,632049.564391145,714943.179221587,0.01692458936715,0.01471458936715,2020.70268934426,2020.70489934426,253200000,NA,Liège,Liège,4500,4577
2248,2232,1.86885246400009e-05,632049.564391145,714943.179221587,632048.376332645,714954.143902914,0.01694327789179,0.01692458936715,2020.70489934426,2020.70491803278,253200000,hCoV-19/Belgium/ULG-10724/2020|EPI_ISL_641566|2020-09-15|Europe,Liège,Liège,4577,4577
2248,2233,0.01094765027,632049.564391145,714943.179221587,633945.863655492,712047.272771848,0.02787223963715,0.01692458936715,2020.70489934426,2020.71584699453,253200000,hCoV-19/Belgium/ULG-10746/2020|EPI_ISL_641588|2020-09-19|Europe,Liège,Liège,4577,4500
2249,2234,1.86885246400009e-05,632049.564391145,714943.179221587,638823.47473378,722209.074331875,0.01694327789179,0.01692458936715,2020.70489934426,2020.70491803278,253200000,hCoV-19/Belgium/ULG-10723/2020|EPI_ISL_641565|2020-09-15|Europe,Liège,Liège,4577,4480
2250,2251,0.00221,633003.998236541,714813.593372702,632049.564391145,714943.179221587,0.01692458936715,0.01471458936715,2020.70268934426,2020.70489934426,253200000,NA,Liège,Liège,4500,4577
2250,2252,0.01302,633003.998236541,714813.593372702,633188.04152558,715184.511429156,0.02773458936715,0.01471458936715,2020.70268934426,2020.71570934426,253200000,NA,Liège,Liège,4500,4500
2251,2236,1.86885246400009e-05,632049.564391145,714943.179221587,632307.350068917,707758.629161546,0.01694327789179,0.01692458936715,2020.70489934426,2020.70491803278,253200000,hCoV-19/Belgium/ULG-10725/2020|EPI_ISL_641567|2020-09-15|Europe,Liège,Liège,4577,4500
2251,2237,0.01094765027,632049.564391145,714943.179221587,639916.204402418,707053.605688623,0.02787223963715,0.01692458936715,2020.70489934426,2020.71584699453,253200000,hCoV-19/Belgium/ULG-10748/2020|EPI_ISL_641590|2020-09-19|Europe,Liège,Liège,4577,4520
2252,2238,0.000137650273100001,633188.04152558,715184.511429156,633242.71476656,715111.079837908,0.02787223964025,0.02773458936715,2020.71570934426,2020.71584699453,253200000,hCoV-19/Belgium/ULG-10749/2020|EPI_ISL_641591|2020-09-19|Europe,Liège,Liège,4500,4500
2252,2253,0.008152375582,633188.04152558,715184.511429156,637113.01199238,717861.385135266,0.03588696494915,0.02773458936715,2020.71570934426,2020.72386171984,253200000,NA,Liège,Liège,4500,4540
2253,2239,0.002914236439,637113.01199238,717861.385135266,640737.990563283,722755.273178544,0.03880120138815,0.03588696494915,2020.72386171984,2020.72677595628,253200000,hCoV-19/Belgium/ULG-10482/2020|EPI_ISL_581591|2020-09-23|Europe,Liège,Liège,4540,4480
2253,2254,0.000477624417599999,637113.01199238,717861.385135266,637167.426013148,717749.502259775,0.03636458936675,0.03588696494915,2020.72386171984,2020.72433934426,253200000,NA,Liège,Liège,4540,4540
2254,2240,0.002436612022,637167.426013148,717749.502259775,640499.032690854,701367.007309695,0.03880120138875,0.03636458936675,2020.72433934426,2020.72677595628,253200000,hCoV-19/Belgium/ULG-10485/2020|EPI_ISL_581592|2020-09-23|Europe,Liège,Liège,4540,4217
2254,2241,0.002436612022,637167.426013148,717749.502259775,636898.264174244,718028.59926771,0.03880120138875,0.03636458936675,2020.72433934426,2020.72677595628,253200000,hCoV-19/Belgium/ULG-10487/2020|EPI_ISL_581593|2020-09-23|Europe,Liège,Liège,4540,4540
2293,2297,0.03948,647952.451567,739334.47201614,647684.976280274,738653.529439798,0.06757,0.02809,2020.24278934426,2020.28226934426,253200000,NA,Liège,Liège,4020,4030
2297,2298,0.08385,647684.976280274,738653.529439798,647739.170512508,738070.003356691,0.15142,0.06757,2020.28226934426,2020.36611934426,253200000,NA,Liège,Liège,4030,4020
2297,2299,0.2306857982,647684.976280274,738653.529439798,647121.914312177,740034.964001178,0.2982557982,0.06757,2020.28226934426,2020.51295514246,253200000,NA,Liège,Liège,4030,4030
2298,2277,8.74316905097317e-07,647739.170512508,738070.003356691,647745.59391967,738056.448784148,0.151420874316905,0.15142,2020.36611934426,2020.36612021858,253200000,hCoV-19/Belgium/ULG-10221/2020|EPI_ISL_498127|2020-05-14|Europe,Liège,Liège,4020,4020
2298,2278,8.74316905097317e-07,647739.170512508,738070.003356691,636849.653762746,716466.231827708,0.151420874316905,0.15142,2020.36611934426,2020.36612021858,253200000,hCoV-19/Belgium/ULG-10209/2020|EPI_ISL_484698|2020-05-14|Europe,Liège,Liège,4020,4540
2299,2300,0.000704201815000027,647121.914312177,740034.964001178,647123.657920836,740047.766466576,0.298960000015,0.2982557982,2020.51295514246,2020.51365934428,253200000,NA,Liège,Liège,4030,4030
2299,2301,0.000704201815000027,647121.914312177,740034.964001178,647123.657920836,740047.766466576,0.298960000015,0.2982557982,2020.51295514246,2020.51365934428,253200000,NA,Liège,Liège,4030,4030
2300,2280,1.85792353701864e-06,647123.657920836,740047.766466576,640550.804292927,755676.628208138,0.298961857938537,0.298960000015,2020.51365934428,2020.5136612022,253200000,hCoV-19/Belgium/ULG-10267/2020|EPI_ISL_515074|2020-07-07|Europe,Liège,Liège,4030,4800
2300,2279,0.03278874317,647123.657920836,740047.766466576,646757.237834377,740699.042727323,0.331748743185,0.298960000015,2020.51365934428,2020.54644808745,253200000,hCoV-19/Belgium/ULG-10268/2020|EPI_ISL_515075|2020-07-19|Europe,Liège,Liège,4030,4610
2301,2303,0.02459,647123.657920836,740047.766466576,638772.884953214,719834.600304636,0.323550000015,0.298960000015,2020.51365934428,2020.53824934428,253200000,NA,Liège,Liège,4030,4480
2303,2284,0.01093098361,638772.884953214,719834.600304636,639582.628425819,732147.532035141,0.334480983625,0.323550000015,2020.53824934428,2020.54918032789,253200000,hCoV-19/Belgium/ULG-10269/2020|EPI_ISL_515076|2020-07-20|Europe,Liège,Liège,4480,4100
2303,2283,2.02185789999199e-06,638772.884953214,719834.600304636,638776.627082035,719825.120847284,0.3235520218729,0.323550000015,2020.53824934428,2020.53825136613,253200000,hCoV-19/Belgium/ULG-10265/2020|EPI_ISL_515072|2020-07-16|Europe,Liège,Liège,4480,4480
2318,2319,0.06813,637991.926992786,734149.188040446,638130.19115114,733994.874145436,0.069281672201,0.00115167220099999,2020.57912934427,2020.64725934427,253200000,NA,Liège,Liège,4130,4130
2318,2320,0.000330000000000025,637991.926992786,734149.188040446,638001.147859686,734078.716545458,0.00148167220100001,0.00115167220099999,2020.57912934427,2020.57945934427,253200000,NA,Liège,Liège,4130,4130
2319,2304,0.05492644809,638130.19115114,733994.874145436,639981.052217526,735967.412283641,0.124208120291,0.069281672201,2020.64725934427,2020.70218579236,253200000,hCoV-19/Belgium/ULG-10717/2020|EPI_ISL_641559|2020-09-14|Europe,Liège,Liège,4130,4130
2319,2305,0.02760404372,638130.19115114,733994.874145436,636969.368138036,734159.680697372,0.096885715921,0.069281672201,2020.64725934427,2020.67486338799,253200000,hCoV-19/Belgium/ULG-10604/2020|EPI_ISL_626249|2020-09-04|Europe,Liège,Liège,4130,4130
2320,2321,0.02709,638001.147859686,734078.716545458,639962.13427519,727868.814598589,0.028571672201,0.00148167220100001,2020.57945934427,2020.60654934427,253200000,NA,Liège,Liège,4130,4121
2321,2307,8.03278696298593e-06,639962.13427519,727868.814598589,639959.85942446,727872.021315184,0.028579704987963,0.028571672201,2020.60654934427,2020.60655737706,253200000,hCoV-19/Belgium/ULG-10397/2020|EPI_ISL_540564|2020-08-10|Europe,Liège,Liège,4121,4121
2482,2483,0.00324609467799997,645901.381982423,748648.091745695,645898.256043735,748636.995229624,0.00324609467799997,0,2020.15892934425,2020.16217543893,253200000,NA,Liège,Liège,4630,4630
2483,2484,0.000503905322200016,645898.256043735,748636.995229624,645912.464070313,748630.502826003,0.00375000000019998,0.00324609467799997,2020.16217543893,2020.16267934425,253200000,NA,Liège,Liège,4630,4630
2483,2494,0.00424390532200003,645898.256043735,748636.995229624,645882.939267937,748585.847853762,0.00749,0.00324609467799997,2020.16217543893,2020.16641934425,253200000,NA,Liège,Liège,4630,4630
2484,2488,0.05385,645912.464070313,748630.502826003,645907.281257965,748583.602186408,0.0576000000002,0.00375000000019998,2020.16267934425,2020.21652934425,253200000,NA,Liège,Liège,4630,4630
2484,2485,0.01027,645912.464070313,748630.502826003,645915.95772408,748593.523839976,0.0140200000002,0.00375000000019998,2020.16267934425,2020.17294934425,253200000,NA,Liège,Liège,4630,4630
2485,2487,0.00190000000000001,645915.95772408,748593.523839976,645872.604191937,748615.427816675,0.0159200000002,0.0140200000002,2020.17294934425,2020.17484934425,253200000,NA,Liège,Liège,4630,4630
2485,2486,0.0101,645915.95772408,748593.523839976,652758.467360062,735439.189516801,0.0241200000002,0.0140200000002,2020.17294934425,2020.18304934425,253200000,NA,Liège,Liège,4630,4041
2486,2329,1.07650274100424e-05,652758.467360062,735439.189516801,652758.878753399,735440.704525373,0.02413076502761,0.0241200000002,2020.18304934425,2020.18306010928,253200000,hCoV-19/Belgium/ULG-3843/2020|EPI_ISL_417012|2020-03-08|Europe,Liège,Liège,4041,4041
2486,2330,0.07104901639,652758.467360062,735439.189516801,648072.410291145,739938.768231178,0.0951690163902,0.0241200000002,2020.18304934425,2020.25409836064,253200000,hCoV-19/Belgium/ULG-10068/2020|EPI_ISL_424636|2020-04-03|Europe,Liège,Liège,4041,4020
2487,2331,0.00274628415299999,645872.604191937,748615.427816675,644096.828289405,730742.186127679,0.0186662841532,0.0159200000002,2020.17484934425,2020.1775956284,253200000,hCoV-19/Belgium/RS-030677/2020|EPI_ISL_420333|2020-03-06|Europe,Liège,Liège,4630,4100
2487,2332,1.4043715799994e-05,645872.604191937,748615.427816675,645874.33425049,748611.633425943,0.015934043716,0.0159200000002,2020.17484934425,2020.17486338796,253200000,hCoV-19/Belgium/ULG-2971/2020|EPI_ISL_416997|2020-03-05|Europe,Liège,Liège,4630,4630
2488,2489,0.43374,645907.281257965,748583.602186408,640518.897144264,741366.511857541,0.4913400000002,0.0576000000002,2020.21652934425,2020.65026934425,253200000,NA,Liège,Liège,4630,4052
2488,2490,0.01235,645907.281257965,748583.602186408,645925.252836798,748556.566028641,0.0699500000002,0.0576000000002,2020.21652934425,2020.22887934425,253200000,NA,Liège,Liège,4630,4630
2489,2333,3.87978143701062e-06,640518.897144264,741366.511857541,640512.321792358,741371.322520649,0.491343879781637,0.4913400000002,2020.65026934425,2020.65027322403,253200000,hCoV-19/Belgium/ULG-10453/2020|EPI_ISL_581627|2020-08-26|Europe,Liège,Liège,4052,4052
2489,2334,0.00546836065599998,640518.897144264,741366.511857541,638861.453249825,738072.793890957,0.4968083606562,0.4913400000002,2020.65026934425,2020.65573770491,253200000,hCoV-19/Belgium/ULG-10457/2020|EPI_ISL_581630|2020-08-28|Europe,Liège,Liège,4052,4052
2490,2335,0.03068349727,645925.252836798,748556.566028641,644510.275967388,757618.998160007,0.1006334972702,0.0699500000002,2020.22887934425,2020.25956284152,253200000,hCoV-19/Belgium/ULG-10053/2020|EPI_ISL_424661|2020-04-05|Europe,Liège,Liège,4630,4800
2490,2491,0.01017,645925.252836798,748556.566028641,644521.251668362,728054.411164897,0.0801200000002,0.0699500000002,2020.22887934425,2020.23904934425,253200000,NA,Liège,Liège,4630,4400
2491,2492,0.00203999999999999,644521.251668362,728054.411164897,644473.478431006,727993.263850411,0.0821600000002,0.0801200000002,2020.23904934425,2020.24108934425,253200000,NA,Liège,Liège,4400,4400
2491,2336,0.02597797814,644521.251668362,728054.411164897,644548.083201251,728749.526347083,0.1060979781402,0.0801200000002,2020.23904934425,2020.26502732239,253200000,hCoV-19/Belgium/ULG-10127/2020|EPI_ISL_427373|2020-04-07|Europe,Liège,Liège,4400,4400
2492,2493,0.00139,644473.478431006,727993.263850411,644477.930991059,727994.306888527,0.0835500000002,0.0821600000002,2020.24108934425,2020.24247934425,253200000,NA,Liège,Liège,4400,4400
2492,2337,0.0212057377,644473.478431006,727993.263850411,646047.229710126,737376.381798962,0.1033657377002,0.0821600000002,2020.24108934425,2020.26229508195,253200000,hCoV-19/Belgium/ULG-10105/2020|EPI_ISL_427356|2020-04-06|Europe,Liège,Liège,4400,4030
2493,2339,0.00342229508199998,644477.930991059,727994.306888527,644492.024568862,727901.275375229,0.0869722950822,0.0835500000002,2020.24247934425,2020.24590163933,253200000,hCoV-19/Belgium/ULG-10043/2020|EPI_ISL_421210|2020-03-31|Europe,Liège,Liège,4400,4400
2493,2338,0.000690054644899962,644477.930991059,727994.306888527,613911.784358912,768799.258708782,0.0842400546451,0.0835500000002,2020.24247934425,2020.24316939889,253200000,hCoV-19/Belgium/ULG-10006/2020|EPI_ISL_421185|2020-03-30|Europe,Liège,Liège,4400,4780
2494,2497,0.00652999999999998,645882.939267937,748585.847853762,648418.290894017,747321.339759671,0.01402,0.00749,2020.16641934425,2020.17294934425,253200000,NA,Liège,Liège,4630,4633
2494,2495,0.00189,645882.939267937,748585.847853762,645902.973803391,748601.317411029,0.00938,0.00749,2020.16641934425,2020.16830934425,253200000,NA,Liège,Liège,4630,4630
2497,2499,0.00696755679600003,648418.290894017,747321.339759671,648429.867027848,747219.833898479,0.020987556796,0.01402,2020.17294934425,2020.17991690104,253200000,NA,Liège,Liège,4633,4633
2497,2498,0.00190000000000001,648418.290894017,747321.339759671,645872.604191937,748615.427816675,0.01592,0.01402,2020.17294934425,2020.17484934425,253200000,NA,Liège,Liège,4633,4630
2498,2343,1.4043715799994e-05,645872.604191937,748615.427816675,644366.392689833,747579.940443653,0.0159340437158,0.01592,2020.17484934425,2020.17486338796,253200000,hCoV-19/Belgium/ULG-3000/2020|EPI_ISL_417004|2020-03-05|Europe,Liège,Liège,4630,4630
2498,2344,1.4043715799994e-05,645872.604191937,748615.427816675,648231.360937471,752577.877633013,0.0159340437158,0.01592,2020.17484934425,2020.17486338796,253200000,hCoV-19/Belgium/PAN-030681/2020|EPI_ISL_420337|2020-03-05|Europe,Liège,Liège,4630,4651
2499,2503,0.01063623854,648429.867027848,747219.833898479,647777.223021366,740621.437157257,0.031623795336,0.020987556796,2020.17991690104,2020.19055313959,253200000,NA,Liège,Liège,4633,4020
2503,2504,0.00968768370399997,647777.223021366,740621.437157257,647744.888408822,740255.855342309,0.04131147904,0.031623795336,2020.19055313959,2020.20024082329,253200000,NA,Liège,Liège,4020,4020
2504,2506,0.00091852095720002,647744.888408822,740255.855342309,647757.395791157,740255.417233672,0.0422299999972,0.04131147904,2020.20024082329,2020.20115934425,253200000,NA,Liège,Liège,4020,4020
2504,2505,0.00091852095720002,647744.888408822,740255.855342309,647757.395791157,740255.417233672,0.0422299999972,0.04131147904,2020.20024082329,2020.20115934425,253200000,NA,Liège,Liège,4020,4020
2505,2350,0.00102644808800001,647757.395791157,740255.417233672,647784.882954384,740324.893363212,0.0432564480852,0.0422299999972,2020.20115934425,2020.20218579233,253200000,hCoV-19/Belgium/ULG-6950/2020|EPI_ISL_417023|2020-03-15|Europe,Liège,Liège,4020,4020
2505,2349,0.00102644808800001,647757.395791157,740255.417233672,651846.576595176,734131.4232348,0.0432564480852,0.0422299999972,2020.20115934425,2020.20218579233,253200000,hCoV-19/Belgium/ULG-6942/2020|EPI_ISL_417021|2020-03-15|Europe,Liège,Liège,4020,4000
2506,2507,0.00374999999999998,647757.395791157,740255.417233672,644669.712981886,738322.273259805,0.0459799999972,0.0422299999972,2020.20115934425,2020.20490934425,253200000,NA,Liège,Liège,4020,4053
2506,2351,0.00102644808800001,647757.395791157,740255.417233672,647778.806653382,740552.642183697,0.0432564480852,0.0422299999972,2020.20115934425,2020.20218579233,253200000,hCoV-19/Belgium/ULG-6948/2020|EPI_ISL_417022|2020-03-15|Europe,Liège,Liège,4020,4020
2507,2352,8.68852464203096e-06,644669.712981886,738322.273259805,644670.188801609,738322.039501705,0.045988688521842,0.0459799999972,2020.20490934425,2020.20491803277,253200000,hCoV-19/Belgium/ULG-7242/2020|EPI_ISL_418626|2020-03-16|Europe,Liège,Liège,4053,4053
2507,2353,0.05465349727,644669.712981886,738322.273259805,649975.225550554,732846.662851132,0.1006334972672,0.0459799999972,2020.20490934425,2020.25956284152,253200000,hCoV-19/Belgium/ULG-10061/2020|EPI_ISL_424662|2020-04-05|Europe,Liège,Liège,4053,4430
2573,2575,0.08135093376,631647.140404231,743012.374513718,645698.507870949,754877.300623839,0.3163509337421,0.2349999999821,2020.39392934423,2020.47528027799,253200000,NA,Liège,Liège,4140,4820
2573,2574,0.18146,631647.140404231,743012.374513718,631814.539224541,743120.765376948,0.4164599999821,0.2349999999821,2020.39392934423,2020.57538934423,253200000,NA,Liège,Liège,4140,4140
2574,2417,0.04209699454,631814.539224541,743120.765376948,632189.817605019,742769.549499598,0.4585569945221,0.4164599999821,2020.57538934423,2020.61748633877,253200000,hCoV-19/Belgium/ULG-10422/2020|EPI_ISL_581604|2020-08-14|Europe,Liège,Liège,4140,4140
2575,2576,0.000109066239500022,645698.507870949,754877.300623839,645708.614115429,754787.843829865,0.3164599999816,0.3163509337421,2020.47528027799,2020.47538934423,253200000,NA,Liège,Liège,4820,4820
2575,2580,0.000109066239500022,645698.507870949,754877.300623839,645708.614115429,754787.843829865,0.3164599999816,0.3163509337421,2020.47528027799,2020.47538934423,253200000,NA,Liège,Liège,4820,4820
2576,2419,2.04918033199775e-05,645708.614115429,754787.843829865,645748.336397585,754702.73060863,0.31648049178492,0.3164599999816,2020.47538934423,2020.47540983603,253200000,hCoV-19/Belgium/ULG-10235/2020|EPI_ISL_498141|2020-06-23|Europe,Liège,Liège,4820,4820
2576,2577,0.08062,645708.614115429,754787.843829865,648247.739266206,743179.967297842,0.3970799999816,0.3164599999816,2020.47538934423,2020.55600934423,253200000,NA,Liège,Liège,4820,4621
2577,2420,0.02049338798,648247.739266206,743179.967297842,647291.414211024,736714.17445853,0.4175733879616,0.3970799999816,2020.55600934423,2020.57650273221,253200000,hCoV-19/Belgium/ULG-10335/2020|EPI_ISL_540502|2020-07-30|Europe,Liège,Liège,4621,4030
2577,2578,0.0102,648247.739266206,743179.967297842,648287.815069205,743117.507733399,0.4072799999816,0.3970799999816,2020.55600934423,2020.56620934423,253200000,NA,Liège,Liège,4621,4621
2578,2579,0.00208000000000003,648287.815069205,743117.507733399,648239.955551466,743120.796297427,0.4093599999816,0.4072799999816,2020.56620934423,2020.56828934423,253200000,NA,Liège,Liège,4621,4621
2578,2421,0.00756114754100001,648287.815069205,743117.507733399,648614.574337867,743245.095167166,0.4148411475226,0.4072799999816,2020.56620934423,2020.57377049177,253200000,hCoV-19/Belgium/ULG-10321/2020|EPI_ISL_540488|2020-07-29|Europe,Liège,Liège,4621,4621
2579,2423,1.66666667399951e-05,648239.955551466,743120.796297427,646248.443071857,740522.072501226,0.40937666664834,0.4093599999816,2020.56828934423,2020.5683060109,253200000,hCoV-19/Belgium/ULG-10313/2020|EPI_ISL_540480|2020-07-27|Europe,Liège,Liège,4621,4610
2579,2422,1.66666667399951e-05,648239.955551466,743120.796297427,648215.757751277,743168.864657125,0.40937666664834,0.4093599999816,2020.56828934423,2020.5683060109,253200000,hCoV-19/Belgium/ULG-10315/2020|EPI_ISL_540482|2020-07-27|Europe,Liège,Liège,4621,4621
2580,2590,0.03772,645708.614115429,754787.843829865,645779.543179187,754333.353274603,0.3541799999816,0.3164599999816,2020.47538934423,2020.51310934423,253200000,NA,Liège,Liège,4820,4800
2580,2581,0.02661527539,645708.614115429,754787.843829865,646533.981480971,758769.951914299,0.3430752753716,0.3164599999816,2020.47538934423,2020.50200461962,253200000,NA,Liège,Liège,4820,4821
2581,2582,0.00682472461299999,646533.981480971,758769.951914299,646283.274091999,757782.496821322,0.3498999999846,0.3430752753716,2020.50200461962,2020.50882934423,253200000,NA,Liège,Liège,4821,4821
2581,2585,0.000704724613399987,646533.981480971,758769.951914299,646534.339631685,758768.651562895,0.343779999985,0.3430752753716,2020.50200461962,2020.50270934423,253200000,NA,Liège,Liège,4821,4821
2582,2583,0.00208000000000003,646283.274091999,757782.496821322,648239.955551466,743120.796297427,0.3519799999846,0.3498999999846,2020.50882934423,2020.51090934423,253200000,NA,Liège,Liège,4821,4621
2582,2584,0.02193,646283.274091999,757782.496821322,644636.312937164,759065.338527823,0.3718299999846,0.3498999999846,2020.50882934423,2020.53075934423,253200000,NA,Liège,Liège,4821,4801
2583,2424,1.96174864099952e-05,648239.955551466,743120.796297427,646165.098991496,758082.134850403,0.35199961747101,0.3519799999846,2020.51090934423,2020.51092896172,253200000,hCoV-19/Belgium/ULG-10245/2020|EPI_ISL_498151|2020-07-06|Europe,Liège,Liège,4621,4821
2583,2425,1.96174864099952e-05,648239.955551466,743120.796297427,644104.654420858,756197.440160153,0.35199961747101,0.3519799999846,2020.51090934423,2020.51092896172,253200000,hCoV-19/Belgium/ULG-10244/2020|EPI_ISL_498150|2020-07-06|Europe,Liège,Liège,4621,4821
2584,2426,0.02934994536,644636.312937164,759065.338527823,644626.496439655,759116.363346154,0.4011799453446,0.3718299999846,2020.53075934423,2020.56010928959,253200000,hCoV-19/Belgium/ULG-10309/2020|EPI_ISL_540476|2020-07-24|Europe,Liège,Liège,4801,4801
2584,2427,0.0102242623,644636.312937164,759065.338527823,634598.926110579,711660.345657327,0.3820542622846,0.3718299999846,2020.53075934423,2020.54098360653,253200000,hCoV-19/Belgium/ULG-10255/2020|EPI_ISL_515062|2020-07-17|Europe,Liège,Liège,4801,4500
2585,2428,2.28961748000023e-05,646534.339631685,758768.651562895,646535.857572294,758763.143753998,0.3438028961598,0.343779999985,2020.50270934423,2020.50273224041,253200000,hCoV-19/Belgium/ULG-10243/2020|EPI_ISL_498149|2020-07-03|Europe,Liège,Liège,4821,4821
2585,2586,0.03279,646534.339631685,758768.651562895,643756.98195366,702380.970756538,0.376569999985,0.343779999985,2020.50270934423,2020.53549934423,253200000,NA,Liège,Liège,4821,4260
2586,2429,1.97814207700264e-05,643756.98195366,702380.970756538,643760.101553263,702376.916794407,0.37658978140577,0.376569999985,2020.53549934423,2020.53551912565,253200000,hCoV-19/Belgium/ULG-10272/2020|EPI_ISL_515079|2020-07-15|Europe,Liège,Liège,4260,4260
2588,2431,2.33879781200153e-05,637521.258632659,741062.831052695,637521.679116337,741065.873756811,0.41757338796312,0.417549999985,2020.57647934423,2020.57650273221,253200000,hCoV-19/Belgium/ULG-10333/2020|EPI_ISL_540500|2020-07-30|Europe,Liège,Liège,4140,4140
2590,2591,0.02091456283,645779.543179187,754333.353274603,644385.960223428,738109.433794197,0.3750945628116,0.3541799999816,2020.51310934423,2020.53402390706,253200000,NA,Liège,Liège,4800,4032
2590,2596,0.00219000000000003,645779.543179187,754333.353274603,645756.081315063,754326.722995928,0.3563699999816,0.3541799999816,2020.51310934423,2020.51529934423,253200000,NA,Liège,Liège,4800,4800
2591,2594,0.00053543716740001,644385.960223428,738109.433794197,644373.563609513,738094.353569174,0.375629999979,0.3750945628116,2020.53402390706,2020.53455934423,253200000,NA,Liège,Liège,4032,4032
2591,2592,0.01513543717,644385.960223428,738109.433794197,642937.574690615,739230.88010796,0.3902299999816,0.3750945628116,2020.53402390706,2020.54915934423,253200000,NA,Liège,Liège,4032,4051
2592,2593,0.00819999999999999,642937.574690615,739230.88010796,644994.388243472,699920.916058786,0.3984299999816,0.3902299999816,2020.54915934423,2020.55735934423,253200000,NA,Liège,Liège,4051,4280
2592,2434,2.09836066299984e-05,642937.574690615,739230.88010796,642950.537263646,739219.313721394,0.39025098358823,0.3902299999816,2020.54915934423,2020.54918032784,253200000,hCoV-19/Belgium/ULG-10250/2020|EPI_ISL_515057|2020-07-20|Europe,Liège,Liège,4051,4051
2593,2436,0.03280459016,644994.388243472,699920.916058786,638230.120751108,706974.502354032,0.4312345901416,0.3984299999816,2020.55735934423,2020.59016393439,253200000,hCoV-19/Belgium/ULG-10349/2020|EPI_ISL_540516|2020-08-04|Europe,Liège,Liège,4280,4520
2593,2435,1.77049180100086e-05,644994.388243472,699920.916058786,644995.116519867,699922.304157629,0.39844770489961,0.3984299999816,2020.55735934423,2020.55737704915,253200000,hCoV-19/Belgium/ULG-10305/2020|EPI_ISL_540472|2020-07-23|Europe,Liège,Liège,4280,4280
2594,2595,0.01227,644373.563609513,738094.353569174,648048.575958348,737018.089135031,0.387899999979,0.375629999979,2020.53455934423,2020.54682934423,253200000,NA,Liège,Liège,4032,4020
2594,2437,0.02281770492,644373.563609513,738094.353569174,649832.652075985,697440.425726279,0.398447704899,0.375629999979,2020.53455934423,2020.55737704915,253200000,hCoV-19/Belgium/ULG-10304/2020|EPI_ISL_540471|2020-07-23|Europe,Liège,Liège,4032,4280
2595,2439,0.01327994536,648048.575958348,737018.089135031,647874.025815274,737622.569300264,0.401179945339,0.387899999979,2020.54682934423,2020.56010928959,253200000,hCoV-19/Belgium/ULG-10308/2020|EPI_ISL_540475|2020-07-24|Europe,Liège,Liège,4020,4020
2595,2438,0.04879907104,648048.575958348,737018.089135031,647948.168298394,736865.182015118,0.436699071019,0.387899999979,2020.54682934423,2020.59562841527,253200000,hCoV-19/Belgium/ULG-10357/2020|EPI_ISL_540524|2020-08-06|Europe,Liège,Liège,4020,4020
2596,2440,0.08032907104,645756.081315063,754326.722995928,644671.713391278,754145.687442206,0.4366990710216,0.3563699999816,2020.51529934423,2020.59562841527,253200000,hCoV-19/Belgium/ULG-10364/2020|EPI_ISL_540531|2020-08-06|Europe,Liège,Liège,4800,4800
2596,2597,0.00220999999999999,645756.081315063,754326.722995928,646108.66008432,753569.225813049,0.3585799999816,0.3563699999816,2020.51529934423,2020.51750934423,253200000,NA,Liège,Liège,4800,4800
2597,2602,0.00224999999999997,646108.66008432,753569.225813049,646374.831857331,754057.22015156,0.3608299999816,0.3585799999816,2020.51750934423,2020.51975934423,253200000,NA,Liège,Liège,4800,4800
2599,2600,0.0102,648103.600997135,754597.098344428,648287.815069205,743117.507733399,0.4175399999816,0.4073399999816,2020.56626934423,2020.57646934423,253200000,NA,Liège,Liège,4650,4621
2599,2601,0.00201000000000001,648103.600997135,754597.098344428,648128.313161093,754531.291033476,0.4093499999816,0.4073399999816,2020.56626934423,2020.56827934423,253200000,NA,Liège,Liège,4650,4650
2600,2443,3.33879781200253e-05,648287.815069205,743117.507733399,645583.455632669,755052.323930553,0.41757338795972,0.4175399999816,2020.57646934423,2020.57650273221,253200000,hCoV-19/Belgium/ULG-10327/2020|EPI_ISL_540494|2020-07-30|Europe,Liège,Liège,4621,4820
2600,2442,3.33879781200253e-05,648287.815069205,743117.507733399,644711.328323798,753644.46130511,0.41757338795972,0.4175399999816,2020.57646934423,2020.57650273221,253200000,hCoV-19/Belgium/ULG-10328/2020|EPI_ISL_540495|2020-07-30|Europe,Liège,Liège,4621,4800
2601,2445,2.66666667400051e-05,648128.313161093,754531.291033476,648128.86549303,754529.81493928,0.40937666664834,0.4093499999816,2020.56827934423,2020.5683060109,253200000,hCoV-19/Belgium/ULG-10319/2020|EPI_ISL_540486|2020-07-27|Europe,Liège,Liège,4650,4650
2601,2444,0.00822338797799999,648128.313161093,754531.291033476,632860.029208642,755803.659113383,0.4175733879596,0.4093499999816,2020.56827934423,2020.57650273221,253200000,hCoV-19/Belgium/ULG-10329/2020|EPI_ISL_540496|2020-07-30|Europe,Liège,Liège,4650,4900
2602,2446,0.03761770492,646374.831857331,754057.22015156,642132.047085243,755058.457333104,0.3984477049016,0.3608299999816,2020.51975934423,2020.55737704915,253200000,hCoV-19/Belgium/ULG-10302/2020|EPI_ISL_540469|2020-07-23|Europe,Liège,Liège,4800,4800
2602,2603,0.00208000000000003,646374.831857331,754057.22015156,648239.955551466,743120.796297427,0.3629099999816,0.3608299999816,2020.51975934423,2020.52183934423,253200000,NA,Liège,Liège,4800,4621
2603,2447,1.85792349199909e-05,648239.955551466,743120.796297427,646349.157534742,754106.048989931,0.36292857921652,0.3629099999816,2020.52183934423,2020.52185792347,253200000,hCoV-19/Belgium/ULG-10251/2020|EPI_ISL_515058|2020-07-10|Europe,Liège,Liège,4621,4800
2603,2604,0.01722,648239.955551466,743120.796297427,646590.584198568,753863.918155078,0.3801299999816,0.3629099999816,2020.52183934423,2020.53905934423,253200000,NA,Liège,Liège,4621,4800
2604,2605,0.00190000000000001,646590.584198568,753863.918155078,645872.604191937,748615.427816675,0.3820299999816,0.3801299999816,2020.53905934423,2020.54095934423,253200000,NA,Liège,Liège,4800,4630
2605,2448,0.00275650273200001,645872.604191937,748615.427816675,645749.106000355,740622.224969473,0.3847865027136,0.3820299999816,2020.54095934423,2020.54371584696,253200000,hCoV-19/Belgium/ULG-10260/2020|EPI_ISL_515067|2020-07-18|Europe,Liège,Liège,4630,4610
2605,2449,2.42622950299975e-05,645872.604191937,748615.427816675,640468.29692326,740375.42638274,0.38205426227663,0.3820299999816,2020.54095934423,2020.54098360653,253200000,hCoV-19/Belgium/ULG-10257/2020|EPI_ISL_515064|2020-07-17|Europe,Liège,Liège,4630,4870
2607,2452,0.00821442622899998,648128.313161093,754531.291033476,651665.965192562,737465.229344486,0.4066444262106,0.3984299999816,2020.55735934423,2020.56557377046,253200000,hCoV-19/Belgium/ULG-10283/2020|EPI_ISL_540450|2020-07-26|Europe,Liège,Liège,4650,4040
2607,2451,1.77049180100086e-05,648128.313161093,754531.291033476,646911.883642998,753789.662688689,0.39844770489961,0.3984299999816,2020.55735934423,2020.55737704915,253200000,hCoV-19/Belgium/ULG-10303/2020|EPI_ISL_540470|2020-07-23|Europe,Liège,Liège,4650,4800
2617,2460,0.01425721311,645725.335894847,743156.519085807,645516.112701259,742651.620871223,0.3246772130933,0.3104199999833,2020.46934934423,2020.48360655734,253200000,hCoV-19/Belgium/ULG-10237/2020|EPI_ISL_498143|2020-06-26|Europe,Liège,Liège,4620,4620
2617,2618,0.02292,645725.335894847,743156.519085807,645861.21294184,743049.872172485,0.3333399999833,0.3104199999833,2020.46934934423,2020.49226934423,253200000,NA,Liège,Liège,4620,4620
2618,2619,0.00224999999999997,645861.21294184,743049.872172485,646374.831857331,754057.22015156,0.3355899999833,0.3333399999833,2020.49226934423,2020.49451934423,253200000,NA,Liège,Liège,4620,4800
2618,2461,0.00226617486300001,645861.21294184,743049.872172485,645866.393343841,743043.6516975,0.3356061748463,0.3333399999833,2020.49226934423,2020.4945355191,253200000,hCoV-19/Belgium/ULG-10241/2020|EPI_ISL_498147|2020-06-30,Liège,Liège,4620,4620
2619,2463,1.61748634299741e-05,646374.831857331,754057.22015156,645339.596168863,743083.355017244,0.33560617484673,0.3355899999833,2020.49451934423,2020.4945355191,253200000,hCoV-19/Belgium/ULG-10240/2020|EPI_ISL_498146|2020-06-30|Europe,Liège,Liège,4800,4620
2619,2462,1.61748634299741e-05,646374.831857331,754057.22015156,645560.556311274,742949.289427779,0.33560617484673,0.3355899999833,2020.49451934423,2020.4945355191,253200000,hCoV-19/Belgium/ULG-10242/2020|EPI_ISL_498148|2020-06-30|Europe,Liège,Liège,4800,4620
2623,2624,0.000982062368100001,646230.264319847,739103.368001428,646320.431889047,739125.710748255,0.3629099999814,0.3619279376133,2020.52085728186,2020.52183934423,253200000,NA,Liège,Liège,4032,4032
2623,2625,0.00026654726280001,646230.264319847,739103.368001428,646170.75138685,738572.173645183,0.3621944848761,0.3619279376133,2020.52085728186,2020.52112382913,253200000,NA,Liège,Liège,4032,4032
2624,2467,1.85792349199909e-05,646320.431889047,739125.710748255,646321.455860072,739122.410144198,0.36292857921632,0.3629099999814,2020.52183934423,2020.52185792347,253200000,hCoV-19/Belgium/ULG-10274/2020|EPI_ISL_515081|2020-07-10|Europe,Liège,Liège,4032,4032
2625,2626,0.00956551510499998,646170.75138685,738572.173645183,646163.138685927,738553.636824128,0.3717599999811,0.3621944848761,2020.52112382913,2020.53068934423,253200000,NA,Liège,Liège,4032,4032
2625,2628,0.000715515105299991,646170.75138685,738572.173645183,649341.982387344,737646.325874509,0.3629099999814,0.3621944848761,2020.52112382913,2020.52183934423,253200000,NA,Liège,Liège,4032,4020
2626,2627,0.00208000000000003,646163.138685927,738553.636824128,648239.955551466,743120.796297427,0.3738399999811,0.3717599999811,2020.53068934423,2020.53276934423,253200000,NA,Liège,Liège,4032,4621
2626,2469,0.133245082,646163.138685927,738553.636824128,644683.190779815,741343.004503895,0.5050050819811,0.3717599999811,2020.53068934423,2020.66393442623,253200000,hCoV-19/Belgium/ULG-10464/2020|EPI_ISL_581635|2020-08-31|Europe,Liège,Liège,4032,4624
2627,2471,1.75409836499774e-05,648239.955551466,743120.796297427,631254.371760173,708968.90179417,0.37385754096475,0.3738399999811,2020.53276934423,2020.53278688521,253200000,hCoV-19/Belgium/ULG-10266/2020|EPI_ISL_515073|2020-07-14|Europe,Liège,Liège,4621,4500
2627,2470,1.75409836499774e-05,648239.955551466,743120.796297427,641146.470529364,730694.608071742,0.37385754096475,0.3738399999811,2020.53276934423,2020.53278688521,253200000,hCoV-19/Belgium/ULG-10252/2020|EPI_ISL_515059|2020-07-14|Europe,Liège,Liège,4621,4100
2628,2472,0.02734098361,649341.982387344,737646.325874509,646817.621793877,733587.698574364,0.3902509835914,0.3629099999814,2020.52183934423,2020.54918032784,253200000,hCoV-19/Belgium/ULG-10270/2020|EPI_ISL_515077|2020-07-20|Europe,Liège,Liège,4020,4000
2628,2473,0.07652131148,649341.982387344,737646.325874509,649274.728156451,737984.484450196,0.4394313114614,0.3629099999814,2020.52183934423,2020.59836065571,253200000,hCoV-19/Belgium/ULG-10382/2020|EPI_ISL_540549|2020-08-07|Europe,Liège,Liège,4020,4020
2643,2640,0.02542314444,642811.550320467,739405.251392406,646700.653873355,741134.999012292,0.30574666664,0.2803235222,2020.54288286649,2020.56830601093,253200000,hCoV-19/Belgium/ULG-10312/2020|EPI_ISL_540479|2020-07-27|Europe,Liège,Liège,4051,4610
2643,2641,0.000832980507899983,642811.550320467,739405.251392406,642819.431768543,739503.114001821,0.2811565027079,0.2803235222,2020.54288286649,2020.543715847,253200000,hCoV-19/Belgium/ULG-10253/2020|EPI_ISL_515060|2020-07-18|Europe,Liège,Liège,4051,4051
2658,2659,0.00478000000000001,651590.673209124,737483.088774567,651576.569530754,737422.974720451,0.00478000000000001,0,2020.17182934427,2020.17660934427,253200000,NA,Liège,Liège,4040,4040
2658,2668,0.00386,651590.673209124,737483.088774567,651544.278828222,737519.377746431,0.00386,0,2020.17182934427,2020.17568934427,253200000,NA,Liège,Liège,4040,4040
2659,2660,0.00455,651576.569530754,737422.974720451,651759.323362774,738242.999856889,0.00933,0.00478000000000001,2020.17660934427,2020.18115934427,253200000,NA,Liège,Liège,4040,4040
2660,2644,0.06474229508,651759.323362774,738242.999856889,642092.628353287,741839.642852835,0.07407229508,0.00933,2020.18115934427,2020.24590163935,253200000,hCoV-19/Belgium/ULG-10025/2020|EPI_ISL_421199|2020-03-31|Europe,Liège,Liège,4040,4870
2660,2661,0.01004368516,651759.323362774,738242.999856889,652609.449269212,739122.855863312,0.01937368516,0.00933,2020.18115934427,2020.19120302943,253200000,NA,Liège,Liège,4040,4040
2661,2662,0.02803631484,652609.449269212,739122.855863312,648620.449298716,734520.887912747,0.04741,0.01937368516,2020.19120302943,2020.21923934427,253200000,NA,Liège,Liège,4040,4000
2661,2666,0.000706314840900002,652609.449269212,739122.855863312,652672.529849056,739262.7903563,0.0200800000009,0.01937368516,2020.19120302943,2020.19190934427,253200000,NA,Liège,Liège,4040,4040
2662,2663,0.001393558171,648620.449298716,734520.887912747,648142.208887474,735737.659897685,0.048803558171,0.04741,2020.21923934427,2020.22063290244,253200000,NA,Liège,Liège,4000,4020
2662,2664,0.001138458453,648620.449298716,734520.887912747,652660.06346828,705037.386689096,0.048548458453,0.04741,2020.21923934427,2020.22037780272,253200000,NA,Liège,Liège,4000,4250
2663,2645,0.000678572976999997,648142.208887474,735737.659897685,644954.593392435,730548.497619219,0.049482131148,0.048803558171,2020.22063290244,2020.22131147542,253200000,hCoV-19/Belgium/ULG-9634/2020|EPI_ISL_418651|2020-03-22|Europe,Liège,Liège,4020,4100
2663,2646,0.000678572976999997,648142.208887474,735737.659897685,648132.191960219,735268.112199887,0.049482131148,0.048803558171,2020.22063290244,2020.22131147542,253200000,hCoV-19/Belgium/ULG-9741/2020|EPI_ISL_418664|2020-03-22|Europe,Liège,Liège,4020,4000
2664,2647,0.000933672694300003,652660.06346828,705037.386689096,652673.279854877,705009.954640918,0.0494821311473,0.048548458453,2020.22037780272,2020.22131147542,253200000,hCoV-19/Belgium/ULG-9735/2020|EPI_ISL_418661|2020-03-22|Europe,Liège,Liège,4250,4250
2664,2665,0.02217154155,652660.06346828,705037.386689096,629014.083225633,731368.61971954,0.070720000003,0.048548458453,2020.22037780272,2020.24254934427,253200000,NA,Liège,Liège,4250,4160
2665,2648,0.000620054644900003,629014.083225633,731368.61971954,629085.412588941,731480.027640527,0.0713400546479,0.070720000003,2020.24254934427,2020.24316939892,253200000,hCoV-19/Belgium/ULG-10024/2020|EPI_ISL_421198|2020-03-30|Europe,Liège,Liège,4160,4160
2666,2650,0.0703857377,652672.529849056,739262.7903563,646993.237903588,701548.296380662,0.0904657377009,0.0200800000009,2020.19190934427,2020.26229508197,253200000,hCoV-19/Belgium/WLM-0406275/2020|EPI_ISL_464069|2020-04-06|Europe,Liège,Liège,4040,4280
2666,2651,0.00481196721299999,652672.529849056,739262.7903563,652880.452690677,739204.030512722,0.0248919672139,0.0200800000009,2020.19190934427,2020.19672131148,253200000,hCoV-19/Belgium/ULG-6457/2020|EPI_ISL_417015|2020-03-13|Europe,Liège,Liège,4040,4040
2668,2669,0.0019,651544.278828222,737519.377746431,650388.184112318,728066.076602402,0.00576,0.00386,2020.17568934427,2020.17758934427,253200000,NA,Liège,Liège,4040,4460
2668,2670,0.0019,651544.278828222,737519.377746431,650388.184112318,728066.076602402,0.00576,0.00386,2020.17568934427,2020.17758934427,253200000,NA,Liège,Liège,4040,4460
2669,2654,6.28415292600049e-06,650388.184112318,728066.076602402,650380.070668613,728055.662050702,0.005766284152926,0.00576,2020.17758934427,2020.17759562842,253200000,hCoV-19/Belgium/CD-030679/2020|EPI_ISL_420335|2020-03-06|Europe,Liège,Liège,4460,4460
2669,2655,6.28415292600049e-06,650388.184112318,728066.076602402,629759.132738285,752627.549532975,0.005766284152926,0.00576,2020.17758934427,2020.17759562842,253200000,hCoV-19/Belgium/LM-030685/2020|EPI_ISL_420341|2020-03-06|Europe,Liège,Liège,4460,4910
2670,2657,6.28415292600049e-06,650388.184112318,728066.076602402,644351.133599293,747470.035599569,0.005766284152926,0.00576,2020.17758934427,2020.17759562842,253200000,hCoV-19/Belgium/PA-030680/2020|EPI_ISL_420336|2020-03-06|Europe,Liège,Liège,4460,4630
2670,2656,6.28415292600049e-06,650388.184112318,728066.076602402,651401.936045431,737888.885177763,0.005766284152926,0.00576,2020.17758934427,2020.17759562842,253200000,hCoV-19/Belgium/WAM-030676/2020|EPI_ISL_420332|2020-03-06|Europe,Liège,Liège,4460,4040
2686,2687,0.00452635885,651915.259331305,734586.486765591,651948.767482566,734388.768967574,0.00452635885,0,2020.22224298541,2020.22676934426,253200000,NA,Liège,Liège,4000,4000
2686,2685,0.04005209656,651915.259331305,734586.486765591,651992.17023488,734651.385826496,0.04005209656,0,2020.22224298541,2020.26229508197,253200000,hCoV-19/Belgium/ULG-10104/2020|EPI_ISL_427355|2020-04-06|Europe,Liège,Liège,4000,4000
2687,2688,0.06478239443,651948.767482566,734388.768967574,647540.53426112,731991.730156791,0.06930875328,0.00452635885,2020.22676934426,2020.29155173869,253200000,NA,Liège,Liège,4000,4420
2688,2689,0.04167760557,647540.53426112,731991.730156791,648041.978207613,731010.51539236,0.11098635885,0.06930875328,2020.29155173869,2020.33322934426,253200000,NA,Liège,Liège,4420,4420
2688,2694,0.000117605573199994,647540.53426112,731991.730156791,647510.508050576,732024.413892759,0.0694263588532,0.06930875328,2020.29155173869,2020.29166934426,253200000,NA,Liège,Liège,4420,4420
2689,2677,0.03562311475,648041.978207613,731010.51539236,649090.773764035,726119.71568778,0.1466094736,0.11098635885,2020.33322934426,2020.36885245901,253200000,hCoV-19/Belgium/ULG-10223/2020|EPI_ISL_498129|2020-05-15|Europe,Liège,Liège,4420,4460
2689,2690,0.01433,648041.978207613,731010.51539236,649412.699507647,731583.015866425,0.12531635885,0.11098635885,2020.33322934426,2020.34755934426,253200000,NA,Liège,Liège,4420,4420
2690,2691,0.00489000000000001,649412.699507647,731583.015866425,649951.453905059,730893.910419249,0.13020635885,0.12531635885,2020.34755934426,2020.35244934426,253200000,NA,Liège,Liège,4420,4430
2690,2692,0.00215000000000001,649412.699507647,731583.015866425,647375.977422743,741791.762244762,0.12746635885,0.12531635885,2020.34755934426,2020.34970934426,253200000,NA,Liège,Liège,4420,4610
2691,2678,9.67213104699494e-06,649951.453905059,730893.910419249,649921.138293589,730918.488047197,0.130216030981047,0.13020635885,2020.35244934426,2020.35245901639,253200000,hCoV-19/Belgium/ULG-10179/2020|EPI_ISL_455967|2020-05-09|Europe,Liège,Liège,4430,4430
2691,2679,9.67213104699494e-06,649951.453905059,730893.910419249,653400.937670891,729517.198898567,0.130216030981047,0.13020635885,2020.35244934426,2020.35245901639,253200000,hCoV-19/Belgium/ULG-10180/2020|EPI_ISL_455968|2020-05-09|Europe,Liège,Liège,4430,4432
2692,2680,1.74316939199892e-05,647375.977422743,741791.762244762,647377.344143082,741801.7443956,0.12748379054392,0.12746635885,2020.34970934426,2020.34972677595,253200000,hCoV-19/Belgium/ULG-10174/2020|EPI_ISL_455962|2020-05-08|Europe,Liège,Liège,4610,4610
2692,2693,0.00820000000000001,647375.977422743,741791.762244762,636218.856854989,727336.879933704,0.13566635885,0.12746635885,2020.34970934426,2020.35790934426,253200000,NA,Liège,Liège,4610,4120
2693,2682,0.01094311475,636218.856854989,727336.879933704,646541.445334073,724112.995835245,0.1466094736,0.13566635885,2020.35790934426,2020.36885245901,253200000,hCoV-19/Belgium/ULG-10226/2020|EPI_ISL_498132|2020-05-15|Europe,Liège,Liège,4120,4460
2693,2681,1.41530055300099e-05,636218.856854989,727336.879933704,636234.602186495,727304.377914074,0.13568051185553,0.13566635885,2020.35790934426,2020.35792349726,253200000,hCoV-19/Belgium/ULG-10170/2020|EPI_ISL_455958|2020-05-11|Europe,Liège,Liège,4120,4120
2694,2683,0.07991535519,647510.508050576,732024.413892759,646518.477091828,725485.476091871,0.1493417140432,0.0694263588532,2020.29166934426,2020.37158469945,253200000,hCoV-19/Belgium/ULG-10232/2020|EPI_ISL_498138|2020-05-16|Europe,Liège,Liège,4420,4400
2694,2684,0.00341262295100001,647510.508050576,732024.413892759,637376.120046898,710203.283539074,0.0728389818042,0.0694263588532,2020.29166934426,2020.29508196721,253200000,hCoV-19/Belgium/ULG-10151/2020|EPI_ISL_447148|2020-04-18|Europe,Liège,Liège,4420,4520
2705,2709,0.000350117085599996,653458.923840872,740259.376854208,653415.305762785,740336.360848305,0.0269397909756,0.02658967389,2020.56743901815,2020.56778913524,253200000,NA,Liège,Liège,4040,4040
2705,2706,0.000840326107200001,653458.923840872,740259.376854208,653166.243624583,741116.546277731,0.0274299999972,0.02658967389,2020.56743901815,2020.56827934426,253200000,NA,Liège,Liège,4040,4020
2706,2707,0.0082,653166.243624583,741116.546277731,633057.940486001,735985.699299506,0.0356299999972,0.0274299999972,2020.56827934426,2020.57647934426,253200000,NA,Liège,Liège,4020,4171
2706,2696,2.66666667400051e-05,653166.243624583,741116.546277731,653127.818259493,741132.815719575,0.02745666666394,0.0274299999972,2020.56827934426,2020.56830601093,253200000,hCoV-19/Belgium/ULG-10314/2020|EPI_ISL_540481|2020-07-27|Europe,Liège,Liège,4020,4020
2707,2697,2.33879781200014e-05,633057.940486001,735985.699299506,633061.03113757,736013.037342196,0.03565338797532,0.0356299999972,2020.57647934426,2020.57650273224,253200000,hCoV-19/Belgium/ULG-10332/2020|EPI_ISL_540499|2020-07-30|Europe,Liège,Liège,4171,4171
2707,2708,0.01984,633057.940486001,735985.699299506,645196.121777833,737976.698079433,0.0554699999972,0.0356299999972,2020.57647934426,2020.59631934426,253200000,NA,Liège,Liège,4171,4031
2708,2698,0.002041311475,645196.121777833,737976.698079433,646062.5985822,737182.732953251,0.0575113114722,0.0554699999972,2020.59631934426,2020.59836065573,253200000,hCoV-19/Belgium/ULG-10376/2020|EPI_ISL_540543|2020-08-07|Europe,Liège,Liège,4031,4030
2708,2699,0.01023803279,645196.121777833,737976.698079433,646651.956425918,731994.098450819,0.0657080327872,0.0554699999972,2020.59631934426,2020.60655737705,253200000,hCoV-19/Belgium/ULG-10396/2020|EPI_ISL_540563|2020-08-10|Europe,Liège,Liège,4031,4420
2709,2710,0.005950209022,653415.305762785,740336.360848305,648702.958924164,739028.137720297,0.0328899999976,0.0269397909756,2020.56778913524,2020.57373934426,253200000,NA,Liège,Liège,4040,4020
2709,2703,0.000516875688400004,653415.305762785,740336.360848305,653751.154241773,740112.112452847,0.027456666664,0.0269397909756,2020.56778913524,2020.56830601093,253200000,hCoV-19/Belgium/ULG-10316/2020|EPI_ISL_540483|2020-07-27|Europe,Liège,Liège,4040,4040
2710,2700,3.11475409899981e-05,648702.958924164,739028.137720297,648678.701008203,739140.918114985,0.03292114753859,0.0328899999976,2020.57373934426,2020.5737704918,253200000,hCoV-19/Belgium/ULG-10324/2020|EPI_ISL_540491|2020-07-29|Europe,Liège,Liège,4020,4020
2710,2711,0.00273,648702.958924164,739028.137720297,648536.377162921,739246.106281091,0.0356199999976,0.0328899999976,2020.57373934426,2020.57646934426,253200000,NA,Liège,Liège,4020,4020
2711,2701,3.33879781199975e-05,648536.377162921,739246.106281091,644526.70023535,729133.78940993,0.03565338797572,0.0356199999976,2020.57646934426,2020.57650273224,253200000,hCoV-19/Belgium/ULG-10337/2020|EPI_ISL_540504|2020-07-30|Europe,Liège,Liège,4020,4101
2711,2702,0.01915907104,648536.377162921,739246.106281091,647517.724494665,739500.300653425,0.0547790710376,0.0356199999976,2020.57646934426,2020.5956284153,253200000,hCoV-19/Belgium/ULG-10371/2020|EPI_ISL_540538|2020-08-06|Europe,Liège,Liège,4020,4020
2793,2796,0.05038,636875.259937789,717231.883455272,652017.189043178,734180.799747507,0.0511613962513,0.000781396251300026,2020.36713934426,2020.41751934426,253200000,NA,Liège,Liège,4540,4000
2793,2794,0.33987,636875.259937789,717231.883455272,637354.868212066,715338.124504609,0.3406513962513,0.000781396251300026,2020.36713934426,2020.70700934426,253200000,NA,Liège,Liège,4540,4540
2794,2795,0.01976,637354.868212066,715338.124504609,641421.380873972,755449.693214225,0.3604113962513,0.3406513962513,2020.70700934426,2020.72676934426,253200000,NA,Liège,Liège,4540,4802
2794,2749,0.01703437158,637354.868212066,715338.124504609,637388.353910599,713145.099289982,0.3576857678313,0.3406513962513,2020.70700934426,2020.72404371584,253200000,hCoV-19/Belgium/ULG-10469/2020|EPI_ISL_581639|2020-09-22|Europe,Liège,Liège,4540,4520
2795,2751,6.61202187901555e-06,641421.380873972,755449.693214225,641419.515261787,755452.024745199,0.360418008273179,0.3604113962513,2020.72676934426,2020.72677595628,253200000,hCoV-19/Belgium/ULG-10479/2020|EPI_ISL_581575|2020-09-23|Europe,Liège,Liège,4802,4802
2796,2797,0.00869999999999999,652017.189043178,734180.799747507,652044.18469881,734155.096379393,0.0598613962513,0.0511613962513,2020.41751934426,2020.42621934426,253200000,NA,Liège,Liège,4000,4000
2796,2752,0.01963912568,652017.189043178,734180.799747507,642984.499667637,709982.194283446,0.0708005219313,0.0511613962513,2020.41751934426,2020.43715846994,253200000,hCoV-19/Belgium/ULG-10212/2020|EPI_ISL_484700|2020-06-09|Europe,Liège,Liège,4000,4530
2797,2753,1.01639343599857e-05,652044.18469881,734155.096379393,652045.120655661,734154.505445263,0.05987156018566,0.0598613962513,2020.42621934426,2020.42622950819,253200000,hCoV-19/Belgium/ULG-10210/2020|EPI_ISL_484699|2020-06-05|Europe,Liège,Liège,4000,4000
2797,2798,0.03552,652044.18469881,734155.096379393,627242.623391296,732204.481414043,0.0953813962513,0.0598613962513,2020.42621934426,2020.46173934426,253200000,NA,Liège,Liège,4000,4590
2798,2755,9.28961745799706e-06,627242.623391296,732204.481414043,627230.345702018,732215.94877385,0.095390685868758,0.0953813962513,2020.46173934426,2020.46174863388,253200000,hCoV-19/Belgium/ULG-10246/2020|EPI_ISL_498628|2020-06-18|Europe,Liège,Liège,4590,4590
2798,2754,9.28961745799706e-06,627242.623391296,732204.481414043,624029.178213172,729925.654348651,0.095390685868758,0.0953813962513,2020.46173934426,2020.46174863388,253200000,hCoV-19/Belgium/ULG-10247/2020|EPI_ISL_498629|2020-06-18|Europe,Liège,Liège,4590,4590
2802,2799,0.02192131148,651113.711401408,722571.919438281,653571.792457109,730236.228935301,0.02192131148,0,2020.57643934426,2020.59836065574,253200000,hCoV-19/Belgium/ULG-10378/2020|EPI_ISL_540545|2020-08-07|Europe,Liège,Liège,4347,4432
2802,2803,0.04102,651113.711401408,722571.919438281,645717.040728414,721698.134636043,0.04102,0,2020.57643934426,2020.61745934426,253200000,NA,Liège,Liège,4347,4460
2803,2800,2.69945354699971e-05,645717.040728414,721698.134636043,645726.131392203,721803.450399924,0.04104699453547,0.04102,2020.61745934426,2020.6174863388,253200000,hCoV-19/Belgium/ULG-10413/2020|EPI_ISL_581595|2020-08-14|Europe,Liège,Liège,4460,4460
2803,2801,2.69945354699971e-05,645717.040728414,721698.134636043,649610.65945786,728461.694146467,0.04104699453547,0.04102,2020.61745934426,2020.6174863388,253200000,hCoV-19/Belgium/ULG-10427/2020|EPI_ISL_581587|2020-08-14,Liège,Liège,4460,4460
2856,2804,0.08188911595,637162.452336092,710909.436874419,640473.313727569,732249.536104799,0.08188911595,0,2020.51647153982,2020.59836065577,253200000,hCoV-19/Belgium/ULG-10383/2020|EPI_ISL_540550|2020-08-07|Europe,Liège,Liège,4520,4100
2856,2857,0.000787804472200004,637162.452336092,710909.436874419,637022.375760651,711369.062094544,0.000787804472200004,0,2020.51647153982,2020.51725934429,253200000,NA,Liège,Liège,4520,4520
2857,2858,0.00458999999999998,637022.375760651,711369.062094544,638088.627611289,758910.316037826,0.00537780447219999,0.000787804472200004,2020.51725934429,2020.52184934429,253200000,NA,Liège,Liège,4520,4910
2857,2859,0.01948138782,637022.375760651,711369.062094544,636943.116570221,711518.425863961,0.0202691922922,0.000787804472200004,2020.51725934429,2020.53674073211,253200000,NA,Liège,Liège,4520,4520
2858,2806,8.57923491504042e-06,638088.627611289,758910.316037826,638092.66325884,758907.006612339,0.00538638370711503,0.00537780447219999,2020.52184934429,2020.52185792353,253200000,hCoV-19/Belgium/ULG-10258/2020|EPI_ISL_515065|2020-07-10|Europe,Liège,Liège,4910,4910
2858,2805,0.00274081967200002,638088.627611289,758910.316037826,643587.695182183,753610.559649342,0.0081186241442,0.00537780447219999,2020.52184934429,2020.52459016396,253200000,hCoV-19/Belgium/ULG-10259/2020|EPI_ISL_515066|2020-07-11|Europe,Liège,Liège,4910,4800
2859,2863,0.00126218537100004,636943.116570221,711518.425863961,636941.83620454,711514.76671865,0.0215313776632,0.0202691922922,2020.53674073211,2020.53800291748,253200000,NA,Liège,Liège,4520,4520
2859,2860,0.000728237088200023,636943.116570221,711518.425863961,636928.941654942,711291.972568969,0.0209974293804,0.0202691922922,2020.53674073211,2020.5374689692,253200000,NA,Liège,Liège,4520,4520
2860,2861,0.000770375089700015,636928.941654942,711291.972568969,636859.710516862,711593.048209327,0.0217678044701,0.0209974293804,2020.5374689692,2020.53823934429,253200000,NA,Liège,Liège,4520,4520
2860,2862,0.000770375089700015,636928.941654942,711291.972568969,636859.710516862,711593.048209327,0.0217678044701,0.0209974293804,2020.5374689692,2020.53823934429,253200000,NA,Liège,Liège,4520,4520
2861,2808,0.08744371585,636859.710516862,711593.048209327,637008.668031773,711294.344429034,0.1092115203201,0.0217678044701,2020.53823934429,2020.62568306014,253200000,hCoV-19/Belgium/ULG-10443/2020|EPI_ISL_581620|2020-08-17|Europe,Liège,Liège,4520,4520
2863,2811,0.000248448664899981,636941.83620454,711514.76671865,639198.032234554,726589.816068018,0.0217798263281,0.0215313776632,2020.53800291748,2020.53825136615,253200000,hCoV-19/Belgium/ULG-10254/2020|EPI_ISL_515061|2020-07-16|Europe,Liège,Liège,4520,4121
2863,2864,0.000236426806999979,636941.83620454,711514.76671865,636960.354167253,711269.551998912,0.0217678044702,0.0215313776632,2020.53800291748,2020.53823934429,253200000,NA,Liège,Liège,4520,4520
2864,2867,0.01255,636960.354167253,711269.551998912,636908.134541744,711449.025649595,0.0343178044702,0.0217678044702,2020.53823934429,2020.55078934429,253200000,NA,Liège,Liège,4520,4520
2864,2865,0.0370739228,636960.354167253,711269.551998912,637044.29034361,711229.604513316,0.0588417272702,0.0217678044702,2020.53823934429,2020.57531326709,253200000,NA,Liège,Liège,4520,4520
2865,2812,0.2334299023,637044.29034361,711229.604513316,650466.724658086,737850.920650436,0.2922716295702,0.0588417272702,2020.57531326709,2020.80874316939,253200000,hCoV-19/Belgium/ULG-10551/2020|EPI_ISL_626312|2020-10-23|Europe,Liège,Liège,4520,4000
2865,2866,0.000356077199500038,637044.29034361,711229.604513316,637048.981071397,711242.90044283,0.0591978044697,0.0588417272702,2020.57531326709,2020.57566934429,253200000,NA,Liège,Liège,4520,4520
2866,2814,0.01449459016,637048.981071397,711242.90044283,644013.012305809,713437.832612403,0.0736923946297,0.0591978044697,2020.57566934429,2020.59016393445,253200000,hCoV-19/Belgium/ULG-10347/2020|EPI_ISL_540514|2020-08-04|Europe,Liège,Liège,4520,4537
2866,2813,0.02269131148,637048.981071397,711242.90044283,636997.985865532,711278.072163761,0.0818891159497,0.0591978044697,2020.57566934429,2020.59836065577,253200000,hCoV-19/Belgium/ULG-10381/2020|EPI_ISL_540548|2020-08-07|Europe,Liège,Liège,4520,4520
2867,2871,0.00192999999999999,636908.134541744,711449.025649595,636885.647690383,711551.231577997,0.0362478044702,0.0343178044702,2020.55078934429,2020.55271934429,253200000,NA,Liège,Liège,4520,4520
2867,2868,0.00559999999999999,636908.134541744,711449.025649595,636951.81656519,710967.931989125,0.0399178044702,0.0343178044702,2020.55078934429,2020.55638934429,253200000,NA,Liège,Liège,4520,4520
2868,2869,0.03376,636951.81656519,710967.931989125,635536.769732791,710852.80571075,0.0736778044702,0.0399178044702,2020.55638934429,2020.59014934429,253200000,NA,Liège,Liège,4520,4500
2869,2816,1.45901639800328e-05,635536.769732791,710852.80571075,635537.43499107,710849.622016594,0.07369239463418,0.0736778044702,2020.59014934429,2020.59016393445,253200000,hCoV-19/Belgium/ULG-10355/2020|EPI_ISL_540522|2020-08-04|Europe,Liège,Liège,4500,4500
2869,2870,0.00505,635536.769732791,710852.80571075,635562.707590077,710796.04968171,0.0787278044702,0.0736778044702,2020.59014934429,2020.59519934429,253200000,NA,Liège,Liège,4500,4500
2870,2817,0.00316131147499998,635562.707590077,710796.04968171,633279.364954665,711973.953584928,0.0818891159452,0.0787278044702,2020.59519934429,2020.59836065576,253200000,hCoV-19/Belgium/ULG-10386/2020|EPI_ISL_540553|2020-08-07|Europe,Liège,Liège,4500,4500
2870,2818,0.00316131147499998,635562.707590077,710796.04968171,636713.297080479,718793.719948041,0.0818891159452,0.0787278044702,2020.59519934429,2020.59836065576,253200000,hCoV-19/Belgium/ULG-10379/2020|EPI_ISL_540546|2020-08-07|Europe,Liège,Liège,4500,4540
2871,2873,0.02108,636885.647690383,711551.231577997,636854.501889335,711754.658745999,0.0573278044702,0.0362478044702,2020.55271934429,2020.57379934429,253200000,NA,Liège,Liège,4520,4520
2873,2874,0.00428094089999997,636854.501889335,711754.658745999,636871.114321505,711572.100917683,0.0616087453702,0.0573278044702,2020.57379934429,2020.57808028519,253200000,NA,Liège,Liège,4520,4520
2873,2889,0.00184999999999996,636854.501889335,711754.658745999,636051.763673296,711842.607208202,0.0591778044702,0.0573278044702,2020.57379934429,2020.57564934429,253200000,NA,Liège,Liège,4520,4500
2874,2821,0.1268377476,636871.114321505,711572.100917683,639591.162555658,753489.833177937,0.1884464929702,0.0616087453702,2020.57808028519,2020.70491803279,253200000,hCoV-19/Belgium/ULG-10726/2020|EPI_ISL_641568|2020-09-15|Europe,Liège,Liège,4520,4860
2874,2875,0.00115905910000003,636871.114321505,711572.100917683,634623.601154655,715850.143870347,0.0627678044702,0.0616087453702,2020.57808028519,2020.57923934429,253200000,NA,Liège,Liège,4520,4500
2875,2878,0.00198999999999999,634623.601154655,715850.143870347,630036.315773223,709092.629391883,0.0647578044702,0.0627678044702,2020.57923934429,2020.58122934429,253200000,NA,Liège,Liège,4500,4570
2875,2876,1.99999999999645e-05,634623.601154655,715850.143870347,634622.671669388,715852.025234195,0.0627878044702,0.0627678044702,2020.57923934429,2020.57925934429,253200000,NA,Liège,Liège,4500,4500
2876,2822,0.03822699454,634622.671669388,715852.025234195,636001.532031954,718728.297160908,0.1010147990102,0.0627878044702,2020.57925934429,2020.61748633883,253200000,hCoV-19/Belgium/ULG-10420/2020|EPI_ISL_581602|2020-08-14|Europe,Liège,Liège,4500,4540
2876,2877,0.01089,634622.671669388,715852.025234195,634561.260594457,716051.133786514,0.0736778044702,0.0627878044702,2020.57925934429,2020.59014934429,253200000,NA,Liège,Liège,4500,4500
2877,2823,1.45901639800328e-05,634561.260594457,716051.133786514,634559.359295721,716055.487195304,0.07369239463418,0.0736778044702,2020.59014934429,2020.59016393445,253200000,hCoV-19/Belgium/ULG-10348/2020|EPI_ISL_540515|2020-08-04|Europe,Liège,Liège,4500,4500
2877,2824,0.00821131147500004,634561.260594457,716051.133786514,642410.231913352,717888.944857768,0.0818891159452,0.0736778044702,2020.59014934429,2020.59836065576,253200000,hCoV-19/Belgium/ULG-10388/2020|EPI_ISL_540555|2020-08-07|Europe,Liège,Liège,4500,4540
2878,2879,0.00891999999999998,630036.315773223,709092.629391883,629990.075061244,709404.592268574,0.0736778044702,0.0647578044702,2020.58122934429,2020.59014934429,253200000,NA,Liège,Liège,4570,4570
2878,2880,0.01456949276,630036.315773223,709092.629391883,630877.479181592,708518.997116692,0.0793272972302,0.0647578044702,2020.58122934429,2020.59579883705,253200000,NA,Liège,Liège,4570,4500
2879,2825,1.45901639800328e-05,629990.075061244,709404.592268574,629996.900344718,709387.833065527,0.07369239463418,0.0736778044702,2020.59014934429,2020.59016393445,253200000,hCoV-19/Belgium/ULG-10344/2020|EPI_ISL_540511|2020-08-04|Europe,Liège,Liège,4570,4570
2879,2826,1.45901639800328e-05,629990.075061244,709404.592268574,635150.843584843,716603.800804078,0.07369239463418,0.0736778044702,2020.59014934429,2020.59016393445,253200000,hCoV-19/Belgium/ULG-10346/2020|EPI_ISL_540513|2020-08-04|Europe,Liège,Liège,4570,4500
2880,2881,0.000290507238700055,630877.479181592,708518.997116692,630891.024957003,708522.959561405,0.0796178044689,0.0793272972302,2020.59579883705,2020.59608934429,253200000,NA,Liège,Liège,4500,4500
2880,2882,0.003860507239,630877.479181592,708518.997116692,637543.017744136,716288.873907018,0.0831878044692,0.0793272972302,2020.59579883705,2020.59965934429,253200000,NA,Liège,Liège,4500,4540
2881,2828,0.00227131147499998,630891.024957003,708522.959561405,630887.362911222,708531.687030691,0.0818891159439,0.0796178044689,2020.59608934429,2020.59836065576,253200000,hCoV-19/Belgium/ULG-10375/2020|EPI_ISL_540542|2020-08-07|Europe,Liège,Liège,4500,4500
2881,2827,0.00227131147499998,630891.024957003,708522.959561405,626010.897228215,716004.132076189,0.0818891159439,0.0796178044689,2020.59608934429,2020.59836065576,253200000,hCoV-19/Belgium/ULG-10374/2020|EPI_ISL_540541|2020-08-07|Europe,Liège,Liège,4500,4577
2882,2883,0.00687000000000004,637543.017744136,716288.873907018,637499.735530134,716388.146145958,0.0900578044692,0.0831878044692,2020.59965934429,2020.60652934429,253200000,NA,Liège,Liège,4540,4540
2882,2884,0.02375,637543.017744136,716288.873907018,637656.791192957,716275.045198235,0.1069378044692,0.0831878044692,2020.59965934429,2020.62340934429,253200000,NA,Liège,Liège,4540,4540
2883,2830,2.80327869599528e-05,637499.735530134,716388.146145958,640130.25332871,716164.189448075,0.09008583725616,0.0900578044692,2020.60652934429,2020.60655737708,253200000,hCoV-19/Belgium/ULG-10399/2020|EPI_ISL_540566|2020-08-10|Europe,Liège,Liège,4540,4540
2883,2829,0.01095699454,637499.735530134,716388.146145958,635434.469641993,717063.344057963,0.1010147990092,0.0900578044692,2020.60652934429,2020.61748633883,253200000,hCoV-19/Belgium/ULG-10432/2020|EPI_ISL_581610|2020-08-14|Europe,Liège,Liège,4540,4540
2884,2886,0.00827999999999995,637656.791192957,716275.045198235,638175.627798356,714737.721785041,0.1152178044692,0.1069378044692,2020.62340934429,2020.63168934429,253200000,NA,Liège,Liège,4540,4540
2884,2885,0.00224999999999997,637656.791192957,716275.045198235,634744.065535017,717925.172709583,0.1091878044692,0.1069378044692,2020.62340934429,2020.62565934429,253200000,NA,Liège,Liège,4540,4540
2885,2832,2.3715847070005e-05,634744.065535017,717925.172709583,634742.35974288,717915.741310919,0.10921152031627,0.1091878044692,2020.62565934429,2020.62568306014,253200000,hCoV-19/Belgium/ULG-10440/2020|EPI_ISL_581617|2020-08-17|Europe,Liège,Liège,4540,4540
2885,2831,2.3715847070005e-05,634744.065535017,717925.172709583,639837.11930355,710861.246273046,0.10921152031627,0.1091878044692,2020.62565934429,2020.62568306014,253200000,hCoV-19/Belgium/ULG-10439/2020|EPI_ISL_581594|2020-08-17|Europe,Liège,Liège,4540,4520
2886,2887,0.00216,638175.627798356,714737.721785041,638239.580732564,714779.88988029,0.1173778044692,0.1152178044692,2020.63168934429,2020.63384934429,253200000,NA,Liège,Liège,4540,4540
2887,2888,0.02186,638239.580732564,714779.88988029,644333.550103528,753631.073030981,0.1392378044692,0.1173778044692,2020.63384934429,2020.65570934429,253200000,NA,Liège,Liège,4540,4800
2887,2834,3.04371584500251e-05,638239.580732564,714779.88988029,638208.04783665,714761.012124887,0.11740824162765,0.1173778044692,2020.63384934429,2020.63387978145,253200000,hCoV-19/Belgium/ULG-10404/2020|EPI_ISL_540571|2020-08-20|Europe,Liège,Liège,4540,4540
2888,2836,2.83606556900073e-05,644333.550103528,753631.073030981,644326.248129903,753648.030156933,0.13926616512489,0.1392378044692,2020.65570934429,2020.65573770494,253200000,hCoV-19/Belgium/ULG-10459/2020|EPI_ISL_581581|2020-08-28|Europe,Liège,Liège,4800,4800
2889,2890,0.000547651153500028,636051.763673296,711842.607208202,636020.992721064,711885.217984429,0.0597254556237,0.0591778044702,2020.57564934429,2020.57619699544,253200000,NA,Liège,Liège,4500,4500
2890,2891,0.000862348846499994,636020.992721064,711885.217984429,636014.916587523,711903.405278895,0.0605878044702,0.0597254556237,2020.57619699544,2020.57705934429,253200000,NA,Liège,Liège,4500,4500
2890,2892,0.000615277248599999,636020.992721064,711885.217984429,636019.318699738,711879.821793446,0.0603407328723,0.0597254556237,2020.57619699544,2020.57681227269,253200000,NA,Liège,Liège,4500,4500
2891,2838,0.04042699454,636014.916587523,711903.405278895,637298.277682049,715248.27343065,0.1010147990102,0.0605878044702,2020.57705934429,2020.61748633883,253200000,hCoV-19/Belgium/ULG-10419/2020|EPI_ISL_581601|2020-08-14|Europe,Liège,Liège,4500,4540
2891,2837,0.04862371585,636014.916587523,711903.405278895,636263.334957287,711714.923263408,0.1092115203202,0.0605878044702,2020.57705934429,2020.62568306014,253200000,hCoV-19/Belgium/ULG-10444/2020|EPI_ISL_581621|2020-08-17|Europe,Liège,Liège,4500,4500
2892,2894,0.000687071597899991,636019.318699738,711879.821793446,642766.180426973,736951.556566783,0.0610278044702,0.0603407328723,2020.57681227269,2020.57749934429,253200000,NA,Liège,Liège,4500,4053
2894,2841,0.1465443716,642766.180426973,736951.556566783,623552.749287723,768677.898308413,0.2075721760702,0.0610278044702,2020.57749934429,2020.72404371589,253200000,hCoV-19/Belgium/ULG-10468/2020|EPI_ISL_581638|2020-09-22|Europe,Liège,Liège,4053,4960
2894,2842,0.04818371585,642766.180426973,736951.556566783,647814.5118619,735320.630697917,0.1092115203202,0.0610278044702,2020.57749934429,2020.62568306014,253200000,hCoV-19/Belgium/ULG-10441/2020|EPI_ISL_581618|2020-08-17|Europe,Liège,Liège,4053,4020
2906,2854,2.64480875200035e-05,643956.627924528,733579.290569558,643950.060369989,733561.295539886,0.18571425255772,0.1856878044702,2020.70215934429,2020.70218579238,253200000,hCoV-19/Belgium/ULG-10715/2020|EPI_ISL_641557|2020-09-14|Europe,Liège,Liège,4102,4102
2906,2853,2.64480875200035e-05,643956.627924528,733579.290569558,643716.561347098,733182.062543425,0.18571425255772,0.1856878044702,2020.70215934429,2020.70218579238,253200000,hCoV-19/Belgium/ULG-10716/2020|EPI_ISL_641558|2020-09-14|Europe,Liège,Liège,4102,4102
2910,2907,0.08856939891,653225.867599401,708764.479532359,656357.129023393,695924.378720098,0.08856939891,0,2020.55623934426,2020.64480874317,253200000,hCoV-19/Belgium/ULG-10445/2020|EPI_ISL_581588|2020-08-24,Liège,Liège,4257,4287
2910,2911,0.01478,653225.867599401,708764.479532359,654288.29187636,708859.010325071,0.01478,0,2020.55623934426,2020.57101934426,253200000,NA,Liège,Liège,4257,4257
2911,2908,0.02734131148,654288.29187636,708859.010325071,641453.777224486,718485.576193594,0.04212131148,0.01478,2020.57101934426,2020.59836065574,253200000,hCoV-19/Belgium/ULG-10380/2020|EPI_ISL_540547|2020-08-07|Europe,Liège,Liège,4257,4540
2940,2937,0.02580919891,641556.65059447,738692.334939578,640896.064968948,738763.085874001,0.02580919891,0,2020.69003779563,2020.71584699454,253200000,hCoV-19/Belgium/ULG-10743/2020|EPI_ISL_641585|2020-09-19|Europe,Liège,Liège,4050,4052
2940,2941,0.0006915486355,641556.65059447,738692.334939578,641018.570203562,739895.282582562,0.0006915486355,0,2020.69003779563,2020.69072934427,253200000,NA,Liège,Liège,4050,4050
2941,2938,0.02238540984,641018.570203562,739895.282582562,642293.036332307,737715.613346341,0.0230769584755,0.0006915486355,2020.69072934427,2020.71311475411,253200000,hCoV-19/Belgium/ULG-10736/2020|EPI_ISL_641578|2020-09-18|Europe,Liège,Liège,4050,4053
2941,2939,0.02511765027,641018.570203562,739895.282582562,640856.091705865,739314.790355818,0.0258091989055,0.0006915486355,2020.69072934427,2020.71584699454,253200000,hCoV-19/Belgium/ULG-10741/2020|EPI_ISL_641583|2020-09-19|Europe,Liège,Liège,4050,4052
2974,2965,1.62841529300073e-05,637122.02412218,724437.498172371,637125.619845282,724439.482911873,0.01547628415293,0.01546,2020.17757934426,2020.17759562841,253200000,hCoV-19/Belgium/RYR-030649/2020|EPI_ISL_420315|2020-03-06|Europe,Liège,Liège,4550,4550
2974,2964,1.62841529300073e-05,637122.02412218,724437.498172371,651025.005501376,758428.386361626,0.01547628415293,0.01546,2020.17757934426,2020.17759562841,253200000,hCoV-19/Belgium/MJP-030684/2020|EPI_ISL_420340|2020-03-06|Europe,Liège,Liège,4550,4841
2989,2993,0.000372922245999996,646208.364860019,738418.831730066,646224.655201469,738367.119395621,0.000372922245999996,0,2020.52420642201,2020.52457934426,253200000,NA,Liège,Liège,4032,4032
2989,2990,0.00857292224599999,646208.364860019,738418.831730066,646425.793749334,738642.376382432,0.00857292224599999,0,2020.52420642201,2020.53277934426,253200000,NA,Liège,Liège,4032,4032
2990,2991,0.01639,646425.793749334,738642.376382432,646547.319403955,740352.150784164,0.024962922246,0.00857292224599999,2020.53277934426,2020.54916934426,253200000,NA,Liège,Liège,4032,4610
2991,2983,1.09836066300023e-05,646547.319403955,740352.150784164,646543.308623547,740367.887778139,0.02497390585263,0.024962922246,2020.54916934426,2020.54918032787,253200000,hCoV-19/Belgium/ULG-10263/2020|EPI_ISL_515070|2020-07-20|Europe,Liège,Liège,4610,4610
2991,2992,0.01093,646547.319403955,740352.150784164,643547.736228907,735887.586860694,0.035892922246,0.024962922246,2020.54916934426,2020.56009934426,253200000,NA,Liège,Liège,4610,4031
2992,2984,9.94535513700046e-06,643547.736228907,735887.586860694,643546.075781912,735862.023198597,0.035902867601137,0.035892922246,2020.56009934426,2020.56010928962,253200000,hCoV-19/Belgium/ULG-10310/2020|EPI_ISL_540477|2020-07-24|Europe,Liège,Liège,4031,4031
2992,2985,0.05738699454,643547.736228907,735887.586860694,644561.677848329,736889.871569284,0.093279916786,0.035892922246,2020.56009934426,2020.6174863388,253200000,hCoV-19/Belgium/ULG-10428/2020|EPI_ISL_581586|2020-08-14|Europe,Liège,Liège,4031,4031
2993,2994,0.03552,646224.655201469,738367.119395621,645857.439222544,731798.020103403,0.035892922246,0.000372922245999996,2020.52457934426,2020.56009934426,253200000,NA,Liège,Liège,4032,4420
2993,2986,1.08196720400022e-05,646224.655201469,738367.119395621,646221.761458002,738409.630254046,0.000383741918039998,0.000372922245999996,2020.52457934426,2020.52459016393,253200000,hCoV-19/Belgium/ULG-10264/2020|EPI_ISL_515071|2020-07-11|Europe,Liège,Liège,4032,4032
2994,2988,0.008206666667,645857.439222544,731798.020103403,647879.63118152,731878.086827371,0.044099588913,0.035892922246,2020.56009934426,2020.56830601093,253200000,hCoV-19/Belgium/ULG-10320/2020|EPI_ISL_540487|2020-07-27|Europe,Liège,Liège,4420,4420
2994,2987,9.94535513700046e-06,645857.439222544,731798.020103403,645832.363666491,731773.949387828,0.035902867601137,0.035892922246,2020.56009934426,2020.56010928962,253200000,hCoV-19/Belgium/ULG-10306/2020|EPI_ISL_540473|2020-07-24|Europe,Liège,Liège,4420,4420
3108,3102,0.1181674317,643876.405162668,738131.219026964,644313.277490971,738194.887055561,0.1235274317,0.00536,2020.23155934426,2020.34972677596,253200000,hCoV-19/Belgium/ULG-10175/2020|EPI_ISL_455963|2020-05-08|Europe,Liège,Liège,4053,4032
3205,3201,0.01436387978,648803.395692197,741812.133707096,648984.369467584,740302.210771504,0.01436387978,0,2020.63590934426,2020.65027322404,253200000,hCoV-19/Belgium/ULG-10449/2020|EPI_ISL_581624|2020-08-26|Europe,Liège,Liège,4610,4020
3205,3206,0.02301,648803.395692197,741812.133707096,647835.735892352,740864.251880493,0.02301,0,2020.63590934426,2020.65891934426,253200000,NA,Liège,Liège,4610,4020
3206,3202,0.01594404372,647835.735892352,740864.251880493,644210.580578037,740722.640421192,0.03895404372,0.02301,2020.65891934426,2020.67486338798,253200000,hCoV-19/Belgium/ULG-10608/2020|EPI_ISL_626250|2020-09-04|Europe,Liège,Liège,4020,4051
3206,3207,0.00225,647835.735892352,740864.251880493,648396.897883174,740347.384504214,0.02526,0.02301,2020.65891934426,2020.66116934426,253200000,NA,Liège,Liège,4020,4020
3207,3203,3.28415299400003e-05,648396.897883174,740347.384504214,652569.358937177,740596.802128239,0.02529284152994,0.02526,2020.66116934426,2020.66120218579,253200000,hCoV-19/Belgium/ULG-10600/2020|EPI_ISL_626237|2020-08-30|Europe,Liège,Liège,4020,4020
3207,3204,3.28415299400003e-05,648396.897883174,740347.384504214,648412.794111328,740348.60988201,0.02529284152994,0.02526,2020.66116934426,2020.66120218579,253200000,hCoV-19/Belgium/ULG-10601/2020|EPI_ISL_626238|2020-08-30|Europe,Liège,Liège,4020,4020
