node1,node2,length,startLat,startLon,endLat,endLon,endNodeL,startNodeL,startYear,endYear,treeID,tipLabel
202,197,0.1313931694,50.4825560831126,5.61166438693697,50.784498742715,4.92418819614894,0.1313931694,0,2020.57898934424,2020.71038251364,196000000,SARS2-CoV/Belgium/Human/rega-0917991
203,198,0.1364476503,50.4813457559477,5.61078419175856,50.5058244097523,5.59642163857692,0.1368576503,0.000409999999999994,2020.57939934424,2020.71584699454,196000000,hCoV-19/Belgium/ULG-10751/2020|EPI_ISL_641593|2020-09-19|Europe
350,351,0.1776449008,50.781547579113,5.03491339821069,50.9326864714668,4.70446126568929,0.2648499583508,0.0872050575508,2020.54584440183,2020.72348930263,196000000,NA
351,344,0.00328665365300002,50.9326864714668,4.70446126568929,50.9335788625457,4.7045945259808,0.2681366120038,0.2648499583508,2020.72348930263,2020.72677595628,196000000,SARS2-CoV/Belgium/Human/rega-09231007
351,345,0.00055441321580002,50.9326864714668,4.70446126568929,50.8736245083509,4.72245698064058,0.2654043715666,0.2648499583508,2020.72348930263,2020.72404371584,196000000,SARS2-CoV/Belgium/Human/rega-09221021
362,363,0.04035,50.6305865119122,5.70115897418069,50.6359871798541,5.70644384060671,0.04035,0,2020.6481493443,2020.6884993443,196000000,NA
363,357,0.1202438251,50.6359871798541,5.70644384060671,50.6382946131106,5.70546722478366,0.1605938251,0.04035,2020.6884993443,2020.8087431694,196000000,hCoV-19/Belgium/ULG-10571/2020|EPI_ISL_626281|2020-10-23|Europe
363,358,0.02734765027,50.6359871798541,5.70644384060671,50.5734859753555,5.87800936797176,0.06769765027,0.04035,2020.6884993443,2020.71584699457,196000000,hCoV-19/Belgium/ULG-10744/2020|EPI_ISL_641586|2020-09-19|Europe
364,359,0.02006956284,50.6317019930916,5.70247107599895,50.6398488069894,5.71872127462748,0.02124956284,0.00117999999999999,2020.6493293443,2020.66939890714,196000000,hCoV-19/Belgium/ULG-10605/2020|EPI_ISL_626244|2020-09-02|Europe
364,365,0.04116,50.6317019930916,5.70247107599895,51.005296922952,4.78438169307829,0.04234,0.00117999999999999,2020.6493293443,2020.6904893443,196000000,NA
365,360,0.01716092896,51.005296922952,4.78438169307829,51.0141391019918,4.79564869557332,0.05950092896,0.04234,2020.6904893443,2020.70765027326,196000000,SARS2-CoV/Belgium/Human/rega-0916971
365,361,0.03628661202,51.005296922952,4.78438169307829,50.8875896749589,4.67791736470792,0.07862661202,0.04234,2020.6904893443,2020.72677595632,196000000,SARS2-CoV/Belgium/Human/rega-09231023
372,366,0.05790054645,50.620939737656,5.63003750775388,50.621576096548,5.63053928035363,0.05790054645,0,2020.75903934426,2020.81693989071,196000000,hCoV-19/Belgium/ULG-10680/2020|EPI_ISL_636652|2020-10-26|Europe
372,373,0.02067,50.620939737656,5.63003750775388,50.6355499889958,5.60706243318073,0.02067,0,2020.75903934426,2020.77970934426,196000000,NA
373,367,0.02903382514,50.6355499889958,5.60706243318073,50.549795129899,5.45297487731747,0.04970382514,0.02067,2020.77970934426,2020.8087431694,196000000,hCoV-19/Belgium/ULG-10562/2020|EPI_ISL_626323|2020-10-23|Europe
373,374,0.0249,50.6355499889958,5.60706243318073,50.6249443450253,5.59664331746231,0.04557,0.02067,2020.77970934426,2020.80460934426,196000000,NA
374,375,0.000719999999999998,50.6249443450253,5.59664331746231,50.6245075185564,5.59603678282482,0.04629,0.04557,2020.80460934426,2020.80532934426,196000000,NA
374,368,0.004133825137,50.6249443450253,5.59664331746231,50.6284653405993,5.85410772075234,0.049703825137,0.04557,2020.80460934426,2020.8087431694,196000000,hCoV-19/Belgium/ULG-10557/2020|EPI_ISL_626268|2020-10-23|Europe
375,376,0.000940000000000003,50.6245075185564,5.59603678282482,50.5724146130475,5.42488895162456,0.04723,0.04629,2020.80532934426,2020.80626934426,196000000,NA
375,369,0.003413825137,50.6245075185564,5.59603678282482,50.624476238271,5.59643698053705,0.049703825137,0.04629,2020.80532934426,2020.8087431694,196000000,hCoV-19/Belgium/ULG-10515/2020|EPI_ISL_626331|2020-10-23|Europe
376,370,0.01067054645,50.5724146130475,5.42488895162456,50.5438534344152,5.38232144724287,0.05790054645,0.04723,2020.80626934426,2020.81693989071,196000000,hCoV-19/Belgium/ULG-10714/2020|EPI_ISL_636685|2020-10-26|Europe
376,371,0.01067054645,50.5724146130475,5.42488895162456,50.5712113842007,5.4243337281521,0.05790054645,0.04723,2020.80626934426,2020.81693989071,196000000,hCoV-19/Belgium/ULG-10709/2020|EPI_ISL_636680|2020-10-26|Europe
393,394,0.04274268052,50.9519997977862,4.50758653627019,50.7603098612085,4.43527308317262,0.04274268052,0,2020.64996934426,2020.69271202478,196000000,NA
394,398,0.000787319480600013,50.7603098612085,4.43527308317262,50.7603508143364,4.43532294240294,0.0435300000006,0.04274268052,2020.69271202478,2020.69349934426,196000000,NA
394,395,0.02906731948,50.7603098612085,4.43527308317262,50.7584506517876,4.43127097749315,0.07181,0.04274268052,2020.69271202478,2020.72177934426,196000000,NA
395,377,0.00226437158499999,50.7584506517876,4.43127097749315,50.8740484750078,4.69127280298509,0.074074371585,0.07181,2020.72177934426,2020.72404371585,196000000,SARS2-CoV/Belgium/Human/rega-09221065
395,396,0.00225,50.7584506517876,4.43127097749315,50.7581676566921,4.43097879484119,0.07406,0.07181,2020.72177934426,2020.72402934426,196000000,NA
396,378,1.43715847499976e-05,50.7581676566921,4.43097879484119,50.7582741239407,4.4310299000716,0.07407437158475,0.07406,2020.72402934426,2020.72404371584,196000000,SARS2-CoV/Belgium/Human/rega-09221001
396,397,0.03498,50.7581676566921,4.43097879484119,50.5455672298591,5.49474470074937,0.10904,0.07406,2020.72402934426,2020.75900934426,196000000,NA
397,379,0.04973382514,50.5455672298591,5.49474470074937,50.5668979158271,5.33022769793464,0.15877382514,0.10904,2020.75900934426,2020.8087431694,196000000,hCoV-19/Belgium/ULG-10579/2020|EPI_ISL_626324|2020-10-23|Europe
397,380,0.04973382514,50.5455672298591,5.49474470074937,50.5497093317281,5.49900295465256,0.15877382514,0.10904,2020.75900934426,2020.8087431694,196000000,hCoV-19/Belgium/ULG-10561/2020|EPI_ISL_626330|2020-10-23|Europe
398,381,0.03054437158,50.7603508143364,4.43532294240294,50.7475683962662,4.43688976493933,0.0740743715806,0.0435300000006,2020.69349934426,2020.72404371584,196000000,SARS2-CoV/Belgium/Human/rega-09221002
398,399,0.0196,50.7603508143364,4.43532294240294,50.7677443996637,4.48513937227038,0.0631300000006,0.0435300000006,2020.69349934426,2020.71309934426,196000000,NA
399,382,1.54098360199972e-05,50.7677443996637,4.48513937227038,50.7620296588287,4.55000488492847,0.06314540983662,0.0631300000006,2020.71309934426,2020.7131147541,196000000,SARS2-CoV/Belgium/Human/rega-09181053
399,383,1.54098360199972e-05,50.7677443996637,4.48513937227038,50.7677372015874,4.48512981059925,0.06314540983662,0.0631300000006,2020.71309934426,2020.7131147541,196000000,SARS2-CoV/Belgium/Human/rega-09181054
400,384,0.04100868852,50.9526043196299,4.50778416007052,50.9515449004262,4.50264879154317,0.05494868852,0.01394,2020.66390934426,2020.70491803278,196000000,SARS2-CoV/Belgium/Human/rega-0915946
400,401,0.00384999999999999,50.9526043196299,4.50778416007052,50.9530970325962,4.5087070570852,0.01779,0.01394,2020.66390934426,2020.66775934426,196000000,NA
401,402,0.05324,50.9530970325962,4.5087070570852,50.9577579251877,4.62390086869192,0.07103,0.01779,2020.66775934426,2020.72099934426,196000000,NA
401,406,0.05316,50.9530970325962,4.5087070570852,50.5120533346925,5.3390724455002,0.07095,0.01779,2020.66775934426,2020.72091934426,196000000,NA
402,404,0.00275,50.9577579251877,4.62390086869192,50.9586130530466,4.62472376309508,0.07378,0.07103,2020.72099934426,2020.72374934426,196000000,NA
402,403,0.00303,50.9577579251877,4.62390086869192,50.9513629112379,4.61908580803463,0.07406,0.07103,2020.72099934426,2020.72402934426,196000000,NA
403,385,1.43715847499976e-05,50.9513629112379,4.61908580803463,50.9848332421232,4.63799188486972,0.07407437158475,0.07406,2020.72402934426,2020.72404371584,196000000,SARS2-CoV/Belgium/Human/rega-09221016
403,386,1.43715847499976e-05,50.9513629112379,4.61908580803463,50.9513242865485,4.6190755317496,0.07407437158475,0.07406,2020.72402934426,2020.72404371584,196000000,SARS2-CoV/Belgium/Human/rega-09221014
404,387,0.08499382514,50.9586130530466,4.62472376309508,50.4699034991806,5.45208248452024,0.15877382514,0.07378,2020.72374934426,2020.8087431694,196000000,hCoV-19/Belgium/ULG-10512/2020|EPI_ISL_626307|2020-10-23|Europe
404,405,0.00251999999999999,50.9586130530466,4.62472376309508,50.9589089495311,4.62514828454519,0.0763,0.07378,2020.72374934426,2020.72626934426,196000000,NA
405,389,0.02782901639,50.9589089495311,4.62514828454519,50.9696711937756,4.6060439416317,0.10412901639,0.0763,2020.72626934426,2020.75409836065,196000000,SARS2-CoV/Belgium/Human/rega-10031027
405,388,0.000506612021899999,50.9589089495311,4.62514828454519,50.9779626219914,4.74022586618329,0.0768066120219,0.0763,2020.72626934426,2020.72677595628,196000000,SARS2-CoV/Belgium/Human/rega-09231025
406,390,0.09602054645,50.5120533346925,5.3390724455002,50.5351296631951,5.53103953914702,0.16697054645,0.07095,2020.72091934426,2020.81693989071,196000000,hCoV-19/Belgium/ULG-10641/2020|EPI_ISL_636619|2020-10-26|Europe
406,407,0.000350000000000003,50.5120533346925,5.3390724455002,50.5125102210611,5.33945521228639,0.0713,0.07095,2020.72091934426,2020.72126934426,196000000,NA
407,391,0.08747382514,50.5125102210611,5.33945521228639,50.5136477220568,5.33912363714204,0.15877382514,0.0713,2020.72126934426,2020.8087431694,196000000,hCoV-19/Belgium/ULG-10567/2020|EPI_ISL_626334|2020-10-23|Europe
407,392,0.002774371585,50.5125102210611,5.33945521228639,50.7451912439224,4.60621783740764,0.074074371585,0.0713,2020.72126934426,2020.72404371585,196000000,SARS2-CoV/Belgium/Human/rega-09221000
415,408,0.02735437158,50.8248420210875,4.96801515540583,50.8315673391161,4.97274624364109,0.02735437158,0,2020.69668934426,2020.72404371585,196000000,SARS2-CoV/Belgium/Human/rega-09221024
415,416,0.01095,50.8248420210875,4.96801515540583,50.8223579890978,4.97506304718067,0.01095,0,2020.69668934426,2020.70763934427,196000000,NA
416,409,1.09289617700042e-05,50.8223579890978,4.97506304718067,50.8223255584642,4.97503588385491,0.01096092896177,0.01095,2020.70763934427,2020.70765027323,196000000,SARS2-CoV/Belgium/Human/rega-0916959
416,417,0.00156,50.8223579890978,4.97506304718067,50.8209917859467,4.97159327038471,0.01251,0.01095,2020.70763934427,2020.70919934427,196000000,NA
417,418,0.0011,50.8209917859467,4.97159327038471,50.8214918428787,4.93182223216483,0.01361,0.01251,2020.70919934427,2020.71029934426,196000000,NA
417,419,0.01241,50.8209917859467,4.97159327038471,50.8154422286031,4.97576513068912,0.02492,0.01251,2020.70919934427,2020.72160934427,196000000,NA
418,410,0.002815409836,50.8214918428787,4.93182223216483,50.9796908640382,4.56410860673123,0.016425409836,0.01361,2020.71029934426,2020.7131147541,196000000,SARS2-CoV/Belgium/Human/rega-09181051
418,411,0.002815409836,50.8214918428787,4.93182223216483,50.8324586814991,4.90101552266472,0.016425409836,0.01361,2020.71029934426,2020.7131147541,196000000,SARS2-CoV/Belgium/Human/rega-09181049
419,414,0.002434371585,50.8154422286031,4.97576513068912,50.8159063038501,4.97721326006525,0.027354371585,0.02492,2020.72160934427,2020.72404371585,196000000,SARS2-CoV/Belgium/Human/rega-09221013
419,420,0.00242,50.8154422286031,4.97576513068912,50.8228223655401,4.88270832465328,0.02734,0.02492,2020.72160934427,2020.72402934427,196000000,NA
420,413,1.4371584750001e-05,50.8228223655401,4.88270832465328,50.7762758974719,4.93879582863966,0.02735437158475,0.02734,2020.72402934427,2020.72404371585,196000000,SARS2-CoV/Belgium/Human/rega-09221019
420,412,1.4371584750001e-05,50.8228223655401,4.88270832465328,50.8225660613563,4.88243582743645,0.02735437158475,0.02734,2020.72402934427,2020.72404371585,196000000,SARS2-CoV/Belgium/Human/rega-09221017
433,434,0.1394,50.5650252978218,5.44361685166537,50.5477990608444,5.80462449414605,0.1394,0,2020.66731934426,2020.80671934426,196000000,NA
433,435,0.01775935772,50.5650252978218,5.44361685166537,50.830290841346,4.67296036896638,0.01775935772,0,2020.66731934426,2020.68507870198,196000000,NA
434,421,0.01022054645,50.5477990608444,5.80462449414605,50.5233956023885,5.30659978701522,0.14962054645,0.1394,2020.80671934426,2020.81693989071,196000000,hCoV-19/Belgium/ULG-10678/2020|EPI_ISL_636651|2020-10-26|Europe
434,422,0.002023825137,50.5477990608444,5.80462449414605,50.5502758963804,5.80869287580121,0.141423825137,0.1394,2020.80671934426,2020.8087431694,196000000,hCoV-19/Belgium/ULG-10541/2020|EPI_ISL_626299|2020-10-23|Europe
435,436,0.01772064228,50.830290841346,4.67296036896638,50.8304715168415,4.67405887172256,0.03548,0.01775935772,2020.68507870198,2020.70279934426,196000000,NA
435,440,0.000690642280500003,50.830290841346,4.67296036896638,50.8077104054695,4.4971702812265,0.0184500000005,0.01775935772,2020.68507870198,2020.68576934426,196000000,NA
436,438,0.00211,50.8304715168415,4.67405887172256,50.8294594245076,4.6733232042312,0.03759,0.03548,2020.70279934426,2020.70490934426,196000000,NA
436,437,0.00454,50.8304715168415,4.67405887172256,50.8287188947611,4.67231566567669,0.04002,0.03548,2020.70279934426,2020.70733934426,196000000,NA
437,423,0.0549557377,50.8287188947611,4.67231566567669,50.7672692086944,4.60188802583274,0.0949757377,0.04002,2020.70733934426,2020.76229508196,196000000,SARS2-CoV/Belgium/Human/rega-10061009
437,424,0.01123989071,50.8287188947611,4.67231566567669,50.876096456717,4.74013816314854,0.05125989071,0.04002,2020.70733934426,2020.71857923497,196000000,SARS2-CoV/Belgium/Human/rega-09201062
438,425,8.6885246420032e-06,50.8294594245076,4.6733232042312,50.8295155532295,4.67336140463844,0.037598688524642,0.03759,2020.70490934426,2020.70491803278,196000000,SARS2-CoV/Belgium/Human/rega-0915951
438,439,0.00273,50.8294594245076,4.6733232042312,50.8751815548475,4.70893173963863,0.04032,0.03759,2020.70490934426,2020.70763934426,196000000,NA
439,427,1.09289617699904e-05,50.8751815548475,4.70893173963863,50.906322334437,4.75848719942788,0.04033092896177,0.04032,2020.70763934426,2020.70765027322,196000000,SARS2-CoV/Belgium/Human/rega-0916960
439,426,1.09289617699904e-05,50.8751815548475,4.70893173963863,50.8751824479845,4.70890282140978,0.04033092896177,0.04032,2020.70763934426,2020.70765027322,196000000,SARS2-CoV/Belgium/Human/rega-0916982
440,428,0.02188092896,50.8077104054695,4.4971702812265,50.8509313299844,4.47864779208804,0.0403309289605,0.0184500000005,2020.68576934426,2020.70765027322,196000000,SARS2-CoV/Belgium/Human/rega-0916962
440,441,0.00856674169499999,50.8077104054695,4.4971702812265,50.805601891965,4.49503023696187,0.0270167416955,0.0184500000005,2020.68576934426,2020.69433608596,196000000,NA
441,442,0.002373258305,50.805601891965,4.49503023696187,50.806088236202,4.49455463716145,0.0293900000005,0.0270167416955,2020.69433608596,2020.69670934426,196000000,NA
441,443,0.000193258305100003,50.805601891965,4.49503023696187,50.8058528926283,4.49524695953692,0.0272100000006,0.0270167416955,2020.69433608596,2020.69452934426,196000000,NA
442,429,0.00820868852499999,50.806088236202,4.49455463716145,50.7967116165686,4.50947260907777,0.0375986885255,0.0293900000005,2020.69670934426,2020.70491803279,196000000,SARS2-CoV/Belgium/Human/rega-0915948
442,430,1.19672130400039e-05,50.806088236202,4.49455463716145,50.8060960759193,4.49450266741531,0.02940196721354,0.0293900000005,2020.69670934426,2020.69672131147,196000000,SARS2-CoV/Belgium/Human/rega-0912944
443,431,0.01858540984,50.8058528926283,4.49524695953692,50.777213493081,4.51722552449861,0.0457954098406,0.0272100000006,2020.69452934426,2020.7131147541,196000000,SARS2-CoV/Belgium/Human/rega-09181057
443,432,0.03224661202,50.8058528926283,4.49524695953692,50.5809239742278,5.82809705434463,0.0594566120206,0.0272100000006,2020.69452934426,2020.72677595628,196000000,hCoV-19/Belgium/ULG-10486/2020|EPI_ISL_581650|2020-09-23|Europe
539,444,0.04699972678,50.7578243066746,4.60853879384188,50.7631341426653,4.46939545785909,0.04700972678,1.000000000001e-05,2020.64698934423,2020.69398907101,196000000,SARS2-CoV/Belgium/Human/rega-0911945
539,540,0.03879,50.7578243066746,4.60853879384188,50.7576431643306,4.60838036911156,0.0388,1.000000000001e-05,2020.64698934423,2020.68577934423,196000000,NA
540,445,1.30054645300082e-05,50.7576431643306,4.60838036911156,50.7576128028464,4.60832270084646,0.03881300546453,0.0388,2020.68577934423,2020.6857923497,196000000,SARS2-CoV/Belgium/Human/rega-0801928
540,446,0.01913868852,50.7576431643306,4.60838036911156,50.7653216536154,4.6289958561776,0.05793868852,0.0388,2020.68577934423,2020.70491803275,196000000,SARS2-CoV/Belgium/Human/rega-0915952
541,542,0.02628,50.6042251830305,5.58222813597723,50.6038914427896,5.58173007895514,0.02688,0.000599999999999989,2020.64757934423,2020.67385934423,196000000,NA
542,544,0.02166,50.6038914427896,5.58173007895514,50.606693655434,5.58273723672254,0.04854,0.02688,2020.67385934423,2020.69551934423,196000000,NA
542,543,0.03105,50.6038914427896,5.58173007895514,50.7442181078835,5.72319950119843,0.05793,0.02688,2020.67385934423,2020.70490934423,196000000,NA
543,448,0.02186661202,50.7442181078835,5.72319950119843,50.571938107602,5.38225574697963,0.07979661202,0.05793,2020.70490934423,2020.72677595625,196000000,hCoV-19/Belgium/ULG-10492/2020|EPI_ISL_581654|2020-09-23|Europe
543,447,8.6885246420032e-06,50.7442181078835,5.72319950119843,50.7442096011571,5.72319685839955,0.057938688524642,0.05793,2020.70490934423,2020.70491803276,196000000,hCoV-19/Belgium/ULG-10729/2020|EPI_ISL_641571|2020-09-15|Europe
544,449,0.1214205464,50.606693655434,5.58273723672254,50.5319084979423,5.59539968931245,0.1699605464,0.04854,2020.69551934423,2020.81693989063,196000000,hCoV-19/Belgium/ULG-10656/2020|EPI_ISL_636633|2020-10-26|Europe
544,545,0.00219,50.606693655434,5.58273723672254,50.6074355734004,5.58328238098931,0.05073,0.04854,2020.69551934423,2020.69770934423,196000000,NA
545,547,0.00223999999999999,50.6074355734004,5.58328238098931,50.6076438810087,5.58360857780709,0.05297,0.05073,2020.69770934423,2020.69994934423,196000000,NA
545,546,0.10901,50.6074355734004,5.58328238098931,50.5617709061829,5.21290996865971,0.15974,0.05073,2020.69770934423,2020.80671934423,196000000,NA
546,450,0.01022054645,50.5617709061829,5.21290996865971,50.5732579379088,5.21779610741537,0.16996054645,0.15974,2020.80671934423,2020.81693989068,196000000,hCoV-19/Belgium/ULG-10705/2020|EPI_ISL_636677|2020-10-26|Europe
546,451,0.01022054645,50.5617709061829,5.21290996865971,50.5608752768715,5.21228032622584,0.16996054645,0.15974,2020.80671934423,2020.81693989068,196000000,hCoV-19/Belgium/ULG-10713/2020|EPI_ISL_636684|2020-10-26|Europe
547,548,0.08407,50.6076438810087,5.58360857780709,50.608094939501,5.58388519230533,0.13704,0.05297,2020.69994934423,2020.78401934423,196000000,NA
547,550,0.01291403433,50.6076438810087,5.58360857780709,50.607364150347,5.58332357672344,0.06588403433,0.05297,2020.69994934423,2020.71286337856,196000000,NA
548,452,0.02745606557,50.608094939501,5.58388519230533,50.6585892049524,5.41414246970088,0.16449606557,0.13704,2020.78401934423,2020.8114754098,196000000,hCoV-19/Belgium/ULG-10649/2020|EPI_ISL_636627|2020-10-24|Europe
548,549,0.02271,50.608094939501,5.58388519230533,50.6064354223048,5.58174741016319,0.15975,0.13704,2020.78401934423,2020.80672934423,196000000,NA
549,453,0.01021054645,50.6064354223048,5.58174741016319,50.6064772685808,5.58176115302684,0.16996054645,0.15975,2020.80672934423,2020.81693989068,196000000,hCoV-19/Belgium/ULG-10702/2020|EPI_ISL_636674|2020-10-26|Europe
549,454,0.00201382513699999,50.6064354223048,5.58174741016319,50.598863759483,5.32618492424902,0.161763825137,0.15975,2020.80672934423,2020.80874316937,196000000,hCoV-19/Belgium/ULG-10507/2020|EPI_ISL_626256|2020-10-23|Europe
550,551,0.000555965667000002,50.607364150347,5.58332357672344,50.6072358991128,5.58322128320159,0.066439999997,0.06588403433,2020.71286337856,2020.71341934423,196000000,NA
550,455,0.01118033725,50.607364150347,5.58332357672344,50.5603275862011,5.43310729170665,0.07706437158,0.06588403433,2020.71286337856,2020.72404371581,196000000,hCoV-19/Belgium/ULG-10470/2020|EPI_ISL_581640|2020-09-22|Europe
551,457,0.00242765027299999,50.6072358991128,5.58322128320159,50.5590408153642,5.80726701337188,0.06886765027,0.066439999997,2020.71341934423,2020.7158469945,196000000,hCoV-19/Belgium/ULG-10754/2020|EPI_ISL_641596|2020-09-19|Europe
551,456,0.00242765027299999,50.6072358991128,5.58322128320159,50.7190217557044,5.61891756550378,0.06886765027,0.066439999997,2020.71341934423,2020.7158469945,196000000,hCoV-19/Belgium/ULG-10753/2020|EPI_ISL_641595|2020-09-19|Europe
552,553,0.04180963825,50.6043752719781,5.58239462072552,50.6022024947653,5.58559292235697,0.04390963825,0.00209999999999999,2020.64907934423,2020.69088898248,196000000,NA
553,554,0.000110361750400023,50.6022024947653,5.58559292235697,50.6022914778266,5.58569865050959,0.0440200000004,0.04390963825,2020.69088898248,2020.69099934424,196000000,NA
553,557,0.000110361750400023,50.6022024947653,5.58559292235697,50.6022914778266,5.58569865050959,0.0440200000004,0.04390963825,2020.69088898248,2020.69099934424,196000000,NA
554,556,0.11572,50.6022914778266,5.58569865050959,50.6012285404131,5.67838175576135,0.1597400000004,0.0440200000004,2020.69099934424,2020.80671934424,196000000,NA
554,555,0.11724,50.6022914778266,5.58569865050959,50.6526983780239,5.24311630177165,0.1612600000004,0.0440200000004,2020.69099934424,2020.80823934424,196000000,NA
555,458,0.05788087432,50.6526983780239,5.24311630177165,50.6568110973084,5.26978460868922,0.2191408743204,0.1612600000004,2020.80823934424,2020.86612021856,196000000,hCoV-19/Belgium/ULG-10826/2020|EPI_ISL_661215|2020-11-13|Europe
555,459,0.05788087432,50.6526983780239,5.24311630177165,50.6461786218041,5.22314069461316,0.2191408743204,0.1612600000004,2020.80823934424,2020.86612021856,196000000,hCoV-19/Belgium/ULG-10829/2020|EPI_ISL_661202|2020-11-13|Europe
556,461,0.01022054645,50.6012285404131,5.67838175576135,50.5271827788831,5.55244476937876,0.1699605464504,0.1597400000004,2020.80671934424,2020.81693989069,196000000,hCoV-19/Belgium/ULG-10687/2020|EPI_ISL_636659|2020-10-26|Europe
556,460,0.02934622951,50.6012285404131,5.67838175576135,50.6149560335823,5.71889727916648,0.1890862295104,0.1597400000004,2020.80671934424,2020.83606557374,196000000,hCoV-19/Belgium/ULG-10768/2020|EPI_ISL_644614|2020-11-02|Europe
557,570,0.01604156848,50.6022914778266,5.58569865050959,50.6021542618199,5.58562722453184,0.0600615684804,0.0440200000004,2020.69099934424,2020.70704091272,196000000,NA
557,558,0.00295999999999999,50.6022914778266,5.58569865050959,50.5925528387221,5.55151911778264,0.0469800000004,0.0440200000004,2020.69099934424,2020.69395934424,196000000,NA
558,559,0.03003,50.5925528387221,5.55151911778264,50.5921147216584,5.55091941600384,0.0770100000004,0.0469800000004,2020.69395934424,2020.72398934423,196000000,NA
558,564,0.01622,50.5925528387221,5.55151911778264,50.5929061524286,5.55273092553386,0.0632000000004,0.0469800000004,2020.69395934424,2020.71017934424,196000000,NA
559,462,0.0383057377,50.5921147216584,5.55091941600384,50.6001269872657,5.53178247107078,0.1153157377004,0.0770100000004,2020.72398934423,2020.76229508194,196000000,hCoV-19/Belgium/ULG-10762/2020|EPI_ISL_641604|2020-10-06|Europe
559,560,0.00211816285399999,50.5921147216584,5.55091941600384,50.5841712153475,5.54387995965661,0.0791281628544,0.0770100000004,2020.72398934423,2020.72610750709,196000000,NA
560,463,0.000668449167700008,50.5841712153475,5.54387995965661,50.5842127185224,5.54394533289761,0.0797966120221,0.0791281628544,2020.72610750709,2020.72677595626,196000000,hCoV-19/Belgium/ULG-10493/2020|EPI_ISL_581655|2020-09-23|Europe
560,561,0.000461837145800004,50.5841712153475,5.54387995965661,50.5845108063305,5.54421350258938,0.0795900000002,0.0791281628544,2020.72610750709,2020.72656934423,196000000,NA
561,464,0.08763830601,50.5845108063305,5.54421350258938,50.5818490642895,5.52762361511877,0.1672283060102,0.0795900000002,2020.72656934423,2020.81420765024,196000000,hCoV-19/Belgium/ULG-10628/2020|EPI_ISL_636607|2020-10-25|Europe
561,562,0.00270000000000001,50.5845108063305,5.54421350258938,50.584627122869,5.54422359073732,0.0822900000002,0.0795900000002,2020.72656934423,2020.72926934423,196000000,NA
562,465,0.002971092896,50.584627122869,5.54422359073732,50.700319953354,5.64680417678163,0.0852610928962,0.0822900000002,2020.72926934423,2020.73224043713,196000000,hCoV-19/Belgium/ULG-10503/2020|EPI_ISL_581665|2020-09-25|Europe
562,563,0.02974,50.584627122869,5.54422359073732,50.5847820355323,5.54438342462904,0.1120300000002,0.0822900000002,2020.72926934423,2020.75900934423,196000000,NA
563,466,0.04973382514,50.5847820355323,5.54438342462904,50.6538634031423,5.57798432088365,0.1617638251402,0.1120300000002,2020.75900934423,2020.80874316937,196000000,hCoV-19/Belgium/ULG-10591/2020|EPI_ISL_626337|2020-10-23|Europe
563,467,0.003285737705,50.5847820355323,5.54438342462904,50.2539755618881,5.35709122383885,0.1153157377052,0.1120300000002,2020.75900934423,2020.76229508194,196000000,hCoV-19/Belgium/ULG-10761/2020|EPI_ISL_641603|2020-10-06|Europe
564,567,0.00289,50.5929061524286,5.55273092553386,50.5924647777357,5.55237831586788,0.0660900000004,0.0632000000004,2020.71017934424,2020.71306934424,196000000,NA
564,565,0.0964301302,50.5929061524286,5.55273092553386,50.6081891622953,5.75040133745623,0.1596301302004,0.0632000000004,2020.71017934424,2020.80660947443,196000000,NA
565,566,0.000109869802399992,50.6081891622953,5.75040133745623,50.6084941251688,5.75107742464877,0.1597400000028,0.1596301302004,2020.80660947443,2020.80671934424,196000000,NA
565,468,0.02399161844,50.6081891622953,5.75040133745623,50.6463230679354,5.65873913659464,0.1836217486404,0.1596301302004,2020.80660947443,2020.83060109287,196000000,hCoV-19/Belgium/ULG-10766/2020|EPI_ISL_644612|2020-10-31|Europe
566,470,0.01022054645,50.6084941251688,5.75107742464877,50.6088327684851,5.75144365301177,0.1699605464528,0.1597400000028,2020.80671934424,2020.81693989069,196000000,hCoV-19/Belgium/ULG-10674/2020|EPI_ISL_636648|2020-10-26|Europe
566,469,0.07032983607,50.6084941251688,5.75107742464877,50.5868486960759,5.9003447068014,0.2300698360728,0.1597400000028,2020.80671934424,2020.87704918031,196000000,hCoV-19/Belgium/ULG-10798/2020|EPI_ISL_661208|2020-11-17|Europe
567,569,0.0103,50.5924647777357,5.55237831586788,50.592808327599,5.55268115628966,0.0763900000004,0.0660900000004,2020.71306934424,2020.72336934423,196000000,NA
567,568,0.09315,50.5924647777357,5.55237831586788,50.5831860124334,5.5474113969022,0.1592400000004,0.0660900000004,2020.71306934424,2020.80621934423,196000000,NA
568,471,0.06809759563,50.5831860124334,5.5474113969022,50.5843141665741,5.5515586319226,0.2273375956304,0.1592400000004,2020.80621934423,2020.87431693987,196000000,hCoV-19/Belgium/ULG-10782/2020|EPI_ISL_661204|2020-11-16|Europe
568,472,0.06809759563,50.5831860124334,5.5474113969022,50.6003007379645,5.55277975419199,0.2273375956304,0.1592400000004,2020.80621934423,2020.87431693987,196000000,hCoV-19/Belgium/ULG-10796/2020|EPI_ISL_661206|2020-11-16|Europe
569,474,0.006138852459,50.592808327599,5.55268115628966,50.6001087518383,5.92400273966416,0.0825288524594,0.0763900000004,2020.72336934423,2020.72950819669,196000000,hCoV-19/Belgium/ULG-10501/2020|EPI_ISL_581663|2020-09-24|Europe
569,473,0.00340661202200002,50.592808327599,5.55268115628966,50.5340400383137,5.32340461504636,0.0797966120224,0.0763900000004,2020.72336934423,2020.72677595626,196000000,hCoV-19/Belgium/ULG-10490/2020|EPI_ISL_581653|2020-09-23|Europe
570,571,0.00195843152300001,50.6021542618199,5.58562722453184,50.6023449565126,5.58581166641314,0.0620200000034,0.0600615684804,2020.70704091272,2020.70899934424,196000000,NA
570,585,0.000108431522999997,50.6021542618199,5.58562722453184,50.6019731795189,5.58548536405014,0.0601700000034,0.0600615684804,2020.70704091272,2020.70714934424,196000000,NA
571,572,0.01504,50.6023449565126,5.58581166641314,50.6027057868075,5.58640818449233,0.0770600000034,0.0620200000034,2020.70899934424,2020.72403934424,196000000,NA
571,573,0.000687934469499996,50.6023449565126,5.58581166641314,50.5910047865383,5.44005313122826,0.0627079344729,0.0620200000034,2020.70899934424,2020.70968727871,196000000,NA
572,475,4.37158475297128e-06,50.6027057868075,5.58640818449233,50.8387634376753,4.39448222714388,0.077064371588153,0.0770600000034,2020.72403934424,2020.72404371582,196000000,hCoV-19/Belgium/ULG-10471/2020|EPI_ISL_581641|2020-09-22|Europe
572,476,4.37158475297128e-06,50.6027057868075,5.58640818449233,50.6026931995521,5.5864000745534,0.077064371588153,0.0770600000034,2020.72403934424,2020.72404371582,196000000,hCoV-19/Belgium/ULG-10412/2020|EPI_ISL_581579|2020-09-22|Europe
573,477,0.1673619016,50.5910047865383,5.44005313122826,50.5837801915248,5.39567899803617,0.2300698360729,0.0627079344729,2020.70968727871,2020.87704918031,196000000,hCoV-19/Belgium/ULG-10802/2020|EPI_ISL_661209|2020-11-17|Europe
573,574,0.000372065530499982,50.5910047865383,5.44005313122826,50.5908227630087,5.43984280697856,0.0630800000034,0.0627079344729,2020.70968727871,2020.71005934424,196000000,NA
574,478,0.1205417486,50.5908227630087,5.43984280697856,50.5908616327396,5.44002814295232,0.1836217486034,0.0630800000034,2020.71005934424,2020.83060109284,196000000,hCoV-19/Belgium/ULG-10771/2020|EPI_ISL_644617|2020-10-31|Europe
574,575,0.01151,50.5908227630087,5.43984280697856,50.5914297689941,5.44051779923188,0.0745900000034,0.0630800000034,2020.71005934424,2020.72156934424,196000000,NA
575,580,0.07853,50.5914297689941,5.44051779923188,50.5911530984744,5.43882441255323,0.1531200000034,0.0745900000034,2020.72156934424,2020.80009934424,196000000,NA
575,576,0.001946349647,50.5914297689941,5.44051779923188,50.6445292308483,3.54168732106835,0.0765363496504,0.0745900000034,2020.72156934424,2020.72351569389,196000000,NA
576,577,0.06025365035,50.6445292308483,3.54168732106835,50.5719155162481,5.53901261929162,0.1367900000004,0.0765363496504,2020.72351569389,2020.78376934423,196000000,NA
576,578,0.000653650352599983,50.6445292308483,3.54168732106835,50.6440688271163,3.54132286606464,0.077190000003,0.0765363496504,2020.72351569389,2020.72416934424,196000000,NA
577,480,0.02497382514,50.5719155162481,5.53901261929162,50.4753942543839,5.48686451985821,0.1617638251404,0.1367900000004,2020.78376934423,2020.80874316938,196000000,hCoV-19/Belgium/ULG-10543/2020|EPI_ISL_626318|2020-10-23|Europe
577,479,0.02497382514,50.5719155162481,5.53901261929162,50.5714297606348,5.5386012866128,0.1617638251404,0.1367900000004,2020.78376934423,2020.80874316938,196000000,hCoV-19/Belgium/ULG-10524/2020|EPI_ISL_626313|2020-10-23|Europe
578,481,0.00260661202200002,50.6440688271163,3.54132286606464,50.6437429813375,3.54101629686545,0.079796612025,0.077190000003,2020.72416934424,2020.72677595626,196000000,hCoV-19/Belgium/ULG-10496/2020|EPI_ISL_581658|2020-09-23|Europe
578,579,0.08116,50.6440688271163,3.54132286606464,50.7063447793968,5.48769615933368,0.158350000003,0.077190000003,2020.72416934424,2020.80532934424,196000000,NA
579,482,0.003413825137,50.7063447793968,5.48769615933368,50.706741118196,5.48862018900752,0.16176382514,0.158350000003,2020.80532934424,2020.80874316937,196000000,hCoV-19/Belgium/ULG-10519/2020|EPI_ISL_626293|2020-10-23|Europe
579,483,0.003413825137,50.7063447793968,5.48769615933368,50.6377581575192,5.61245224472758,0.16176382514,0.158350000003,2020.80532934424,2020.80874316937,196000000,hCoV-19/Belgium/ULG-10583/2020|EPI_ISL_626269|2020-10-23|Europe
580,484,0.06602087432,50.5911530984744,5.43882441255323,50.5939073731734,5.36523387483661,0.2191408743234,0.1531200000034,2020.80009934424,2020.86612021856,196000000,hCoV-19/Belgium/ULG-10828/2020|EPI_ISL_661216|2020-11-13|Europe
580,581,0.00223999999999999,50.5911530984744,5.43882441255323,50.6076438810087,5.58360857780709,0.1553600000034,0.1531200000034,2020.80009934424,2020.80233934424,196000000,NA
581,582,0.00212999999999999,50.6076438810087,5.58360857780709,50.7565411569391,5.6162123131881,0.1574900000034,0.1553600000034,2020.80233934424,2020.80446934424,196000000,NA
581,485,0.07197759563,50.6076438810087,5.58360857780709,50.4520802118672,5.64919037655226,0.2273375956334,0.1553600000034,2020.80233934424,2020.87431693987,196000000,hCoV-19/Belgium/ULG-10792/2020|EPI_ISL_661201|2020-11-16|Europe
582,584,0.00190000000000001,50.7565411569391,5.6162123131881,50.7564796123958,5.61631599723656,0.1593900000034,0.1574900000034,2020.80446934424,2020.80636934424,196000000,NA
582,583,0.000920000000000004,50.7565411569391,5.6162123131881,50.7563068000923,5.61601399570105,0.1584100000034,0.1574900000034,2020.80446934424,2020.80538934424,196000000,NA
583,487,0.003353825137,50.7563068000923,5.61601399570105,50.7558168999649,5.61554566269905,0.1617638251404,0.1584100000034,2020.80538934424,2020.80874316938,196000000,hCoV-19/Belgium/ULG-10552/2020|EPI_ISL_626304|2020-10-23|Europe
583,486,0.003353825137,50.7563068000923,5.61601399570105,50.7277947028649,5.54492137337612,0.1617638251404,0.1584100000034,2020.80538934424,2020.80874316938,196000000,hCoV-19/Belgium/ULG-10560/2020|EPI_ISL_626328|2020-10-23|Europe
584,489,0.01057054645,50.7564796123958,5.61631599723656,50.6346934398037,5.53240965268615,0.1699605464534,0.1593900000034,2020.80636934424,2020.81693989069,196000000,hCoV-19/Belgium/ULG-10642/2020|EPI_ISL_636620|2020-10-26|Europe
584,488,0.00237382513699999,50.7564796123958,5.61631599723656,50.7586551920891,5.59328150895066,0.1617638251404,0.1593900000034,2020.80636934424,2020.80874316938,196000000,hCoV-19/Belgium/ULG-10581/2020|EPI_ISL_626339|2020-10-23|Europe
585,490,0.1015938251,50.6019731795189,5.58548536405014,50.6400073927487,5.58626827132511,0.1617638251034,0.0601700000034,2020.70714934424,2020.80874316934,196000000,hCoV-19/Belgium/ULG-10576/2020|EPI_ISL_626267|2020-10-23|Europe
585,586,0.01839993453,50.6019731795189,5.58548536405014,50.6019660872925,5.5861064146404,0.0785699345334,0.0601700000034,2020.70714934424,2020.72554927877,196000000,NA
586,590,0.00056795890450001,50.6019660872925,5.5861064146404,50.6016817198227,5.58579175541744,0.0791378934379,0.0785699345334,2020.72554927877,2020.72611723767,196000000,NA
586,587,0.000890065470899981,50.6019660872925,5.5861064146404,50.6016961490209,5.58585592001807,0.0794600000043,0.0785699345334,2020.72554927877,2020.72643934424,196000000,NA
587,491,0.08230382514,50.6016961490209,5.58585592001807,50.5989878789255,5.59587780846607,0.1617638251443,0.0794600000043,2020.72643934424,2020.80874316938,196000000,hCoV-19/Belgium/ULG-10547/2020|EPI_ISL_626305|2020-10-23|Europe
587,588,0.03524,50.6016961490209,5.58585592001807,50.6874432663475,5.6365050813433,0.1147000000043,0.0794600000043,2020.72643934424,2020.76167934424,196000000,NA
588,492,0.05526054645,50.6874432663475,5.6365050813433,50.6350614581141,5.66430390553954,0.1699605464543,0.1147000000043,2020.76167934424,2020.81693989069,196000000,hCoV-19/Belgium/ULG-10682/2020|EPI_ISL_636654|2020-10-26|Europe
588,589,0.04402,50.6874432663475,5.6365050813433,50.6867013434779,5.63574920586428,0.1587200000043,0.1147000000043,2020.76167934424,2020.80569934424,196000000,NA
589,494,0.07134983607,50.6867013434779,5.63574920586428,50.4319077203795,5.85944956528266,0.2300698360743,0.1587200000043,2020.80569934424,2020.87704918031,196000000,hCoV-19/Belgium/ULG-10809/2020|EPI_ISL_661211|2020-11-17|Europe
589,493,0.00304382513699999,50.6867013434779,5.63574920586428,50.6870227687437,5.63614244393723,0.1617638251413,0.1587200000043,2020.80569934424,2020.80874316938,196000000,hCoV-19/Belgium/ULG-10528/2020|EPI_ISL_626288|2020-10-23|Europe
590,594,0.000322106566399971,50.6016817198227,5.58579175541744,50.6015277973744,5.58562810127069,0.0794600000043,0.0791378934379,2020.72611723767,2020.72643934424,196000000,NA
590,591,0.03804210657,50.6016817198227,5.58579175541744,50.5961077109596,5.58566340470964,0.1171800000079,0.0791378934379,2020.72611723767,2020.76415934424,196000000,NA
591,592,0.03025,50.5961077109596,5.58566340470964,50.591235805509,5.58641124213116,0.1474300000079,0.1171800000079,2020.76415934424,2020.79440934424,196000000,NA
591,593,0.04257,50.5961077109596,5.58566340470964,50.6730353800025,5.56690856574822,0.1597500000079,0.1171800000079,2020.76415934424,2020.80672934424,196000000,NA
592,496,0.01433382514,50.591235805509,5.58641124213116,50.583799976085,5.59755802681093,0.1617638251479,0.1474300000079,2020.79440934424,2020.80874316938,196000000,hCoV-19/Belgium/ULG-10570/2020|EPI_ISL_626316|2020-10-23|Europe
592,495,0.01433382514,50.591235805509,5.58641124213116,50.6241091185715,5.6212172889539,0.1617638251479,0.1474300000079,2020.79440934424,2020.80874316938,196000000,hCoV-19/Belgium/ULG-10559/2020|EPI_ISL_626257|2020-10-23|Europe
593,497,0.01021054645,50.6730353800025,5.56690856574822,50.6203418561809,5.38894034583957,0.1699605464579,0.1597500000079,2020.80672934424,2020.81693989069,196000000,hCoV-19/Belgium/ULG-10677/2020|EPI_ISL_636650|2020-10-26|Europe
593,498,0.00201382513699999,50.6730353800025,5.56690856574822,50.6726876831563,5.56652489523105,0.1617638251449,0.1597500000079,2020.80672934424,2020.80874316938,196000000,hCoV-19/Belgium/ULG-10520/2020|EPI_ISL_626263|2020-10-23|Europe
594,500,0.09050054645,50.6015277973744,5.58562810127069,50.4598193968967,5.54107390143193,0.1699605464543,0.0794600000043,2020.72643934424,2020.81693989069,196000000,hCoV-19/Belgium/ULG-10638/2020|EPI_ISL_636616|2020-10-26|Europe
594,499,0.09050054645,50.6015277973744,5.58562810127069,50.5079568974945,5.76450531635781,0.1699605464543,0.0794600000043,2020.72643934424,2020.81693989069,196000000,hCoV-19/Belgium/ULG-10703/2020|EPI_ISL_636675|2020-10-26|Europe
595,501,0.04949868852,50.6049659610792,5.5830566853244,50.4136066959512,5.12565242805247,0.05793868852,0.00844,2020.65541934423,2020.70491803275,196000000,hCoV-19/Belgium/ULG-10722/2020|EPI_ISL_641564|2020-09-15|Europe
596,597,0.0998,50.5828669761927,5.37484020815634,50.6109354857046,5.53985121768407,0.11226,0.01246,2020.65943934423,2020.75923934423,196000000,NA
597,503,0.04950382514,50.6109354857046,5.53985121768407,50.5974911100293,5.86227751270855,0.16176382514,0.11226,2020.75923934423,2020.80874316937,196000000,hCoV-19/Belgium/ULG-10535/2020|EPI_ISL_626314|2020-10-23|Europe
597,502,0.1150775956,50.6109354857046,5.53985121768407,50.6101863342424,5.53922760522263,0.2273375956,0.11226,2020.75923934423,2020.87431693983,196000000,hCoV-19/Belgium/ULG-10786/2020|EPI_ISL_661205|2020-11-16|Europe
598,599,0.02873783684,50.6076438810087,5.58360857780709,50.5100650802024,5.29770976954401,0.04343783684,0.0147,2020.66167934423,2020.69041718107,196000000,NA
599,607,2.90898337498846e-06,50.5100650802024,5.29770976954401,50.5100761550133,5.29771978751984,0.043440745823375,0.04343783684,2020.69041718107,2020.69042009006,196000000,NA
599,600,0.02455714769,50.5100650802024,5.29770976954401,50.5106194508195,5.2981905732116,0.06799498453,0.04343783684,2020.69041718107,2020.71497432876,196000000,NA
600,505,0.00087266573780001,50.5106194508195,5.2981905732116,50.5111142185145,5.29862804504819,0.0688676502678,0.06799498453,2020.71497432876,2020.7158469945,196000000,hCoV-19/Belgium/ULG-10750/2020|EPI_ISL_641592|2020-09-19|Europe
600,601,0.004435015465,50.5106194508195,5.2981905732116,50.511470054652,5.29951992467953,0.072429999995,0.06799498453,2020.71497432876,2020.71940934423,196000000,NA
601,506,0.00736661202200001,50.511470054652,5.29951992467953,50.4775911144836,5.20552663719886,0.079796612017,0.072429999995,2020.71940934423,2020.72677595625,196000000,hCoV-19/Belgium/ULG-10488/2020|EPI_ISL_581651|2020-09-23|Europe
601,602,0.04261,50.511470054652,5.29951992467953,50.4339441659024,5.68475319331163,0.115039999995,0.072429999995,2020.71940934423,2020.76201934423,196000000,NA
602,507,0.05492054645,50.4339441659024,5.68475319331163,50.4197845624115,5.9295096395267,0.169960546445,0.115039999995,2020.76201934423,2020.81693989068,196000000,hCoV-19/Belgium/ULG-10693/2020|EPI_ISL_636665|2020-10-26|Europe
602,603,0.0426,50.4339441659024,5.68475319331163,50.4339441659024,5.68475319331163,0.157639999995,0.115039999995,2020.76201934423,2020.80461934423,196000000,NA
603,605,0.000719999999999998,50.4339441659024,5.68475319331163,50.4336558947901,5.68390722629326,0.158359999995,0.157639999995,2020.80461934423,2020.80533934423,196000000,NA
603,604,0.00262000000000001,50.4339441659024,5.68475319331163,50.5104614828612,5.9817096411379,0.160259999995,0.157639999995,2020.80461934423,2020.80723934423,196000000,NA
604,508,0.0206295082,50.5104614828612,5.9817096411379,50.5696562111147,5.62542630029879,0.180889508195,0.160259999995,2020.80723934423,2020.82786885243,196000000,hCoV-19/Belgium/ULG-10780/2020|EPI_ISL_644626|2020-10-30|Europe
604,509,0.00150382513700001,50.5104614828612,5.9817096411379,50.5102300213013,5.98154879791678,0.161763825132,0.160259999995,2020.80723934423,2020.80874316937,196000000,hCoV-19/Belgium/ULG-10534/2020|EPI_ISL_626310|2020-10-23|Europe
605,606,0.000939999999999996,50.4336558947901,5.68390722629326,50.4335202521644,5.68376798171326,0.159299999995,0.158359999995,2020.80533934423,2020.80627934423,196000000,NA
605,510,0.00340382513699999,50.4336558947901,5.68390722629326,50.4231188840546,5.64583303708041,0.161763825132,0.158359999995,2020.80533934423,2020.80874316937,196000000,hCoV-19/Belgium/ULG-10522/2020|EPI_ISL_626287|2020-10-23|Europe
606,512,0.01066054645,50.4335202521644,5.68376798171326,50.4870494125774,5.72759196662723,0.169960546445,0.159299999995,2020.80627934423,2020.81693989068,196000000,hCoV-19/Belgium/ULG-10643/2020|EPI_ISL_636621|2020-10-26|Europe
606,511,0.01066054645,50.4335202521644,5.68376798171326,50.433963725213,5.68401314769798,0.169960546445,0.159299999995,2020.80627934423,2020.81693989068,196000000,hCoV-19/Belgium/ULG-10681/2020|EPI_ISL_636653|2020-10-26|Europe
607,608,0.000409254172000023,50.5100761550133,5.29771978751984,50.5102225359407,5.29785851222578,0.043849999995375,0.043440745823375,2020.69042009006,2020.69082934423,196000000,NA
607,513,0.1183230793,50.5100761550133,5.29771978751984,50.6108136088061,5.67788530420126,0.161763825123375,0.043440745823375,2020.69042009006,2020.80874316936,196000000,hCoV-19/Belgium/ULG-10575/2020|EPI_ISL_626319|2020-10-23|Europe
608,609,0.02038379513,50.5102225359407,5.29785851222578,50.7705057236648,4.96028990131833,0.064233795125375,0.043849999995375,2020.69082934423,2020.71121313936,196000000,NA
608,514,0.1862198361,50.5102225359407,5.29785851222578,50.5261065711058,5.12255115084496,0.230069836095375,0.043849999995375,2020.69082934423,2020.87704918033,196000000,hCoV-19/Belgium/ULG-10810/2020|EPI_ISL_661212|2020-11-17|Europe
609,610,0.000946204866,50.7705057236648,4.96028990131833,50.7701008003069,4.95998162311138,0.065179999991375,0.064233795125375,2020.71121313936,2020.71215934423,196000000,NA
609,625,0.000825421980099994,50.7705057236648,4.96028990131833,50.7704898728418,4.96026944029868,0.065059217105475,0.064233795125375,2020.71121313936,2020.71203856134,196000000,NA
610,611,0.000280000000000002,50.7701008003069,4.95998162311138,50.7701256412918,4.96002382382985,0.065459999991375,0.065179999991375,2020.71215934423,2020.71243934423,196000000,NA
610,515,0.0501357377,50.7701008003069,4.95998162311138,50.8127779923339,4.69070918728504,0.115315737691375,0.065179999991375,2020.71215934423,2020.76229508193,196000000,SARS2-CoV/Belgium/Human/rega-10061040
611,516,0.0498557377,50.7701256412918,4.96002382382985,50.8610351484681,4.45411743905623,0.115315737691375,0.065459999991375,2020.71243934423,2020.76229508193,196000000,SARS2-CoV/Belgium/Human/rega-10061043
611,612,0.00861999999999999,50.7701256412918,4.96002382382985,50.5751225567754,5.88600946739262,0.074079999991375,0.065459999991375,2020.71243934423,2020.72105934423,196000000,NA
612,517,0.09588054645,50.5751225567754,5.88600946739262,50.5754523369907,5.88653142753425,0.169960546441375,0.074079999991375,2020.72105934423,2020.81693989068,196000000,hCoV-19/Belgium/ULG-10660/2020|EPI_ISL_636637|2020-10-26|Europe
612,613,0.00365000000000001,50.5751225567754,5.88600946739262,50.6357901034195,5.66277693463397,0.077729999991375,0.074079999991375,2020.72105934423,2020.72470934423,196000000,NA
613,615,0.01789,50.6357901034195,5.66277693463397,50.6367259166781,5.66351761960077,0.095619999991375,0.077729999991375,2020.72470934423,2020.74259934423,196000000,NA
613,614,0.05907,50.6357901034195,5.66277693463397,50.6063341970399,5.70543591527367,0.136799999991375,0.077729999991375,2020.72470934423,2020.78377934423,196000000,NA
614,519,0.02496382514,50.6063341970399,5.70543591527367,50.5960205333907,5.72900508494623,0.161763825131375,0.136799999991375,2020.78377934423,2020.80874316937,196000000,hCoV-19/Belgium/ULG-10536/2020|EPI_ISL_626284|2020-10-23|Europe
614,518,0.02496382514,50.6063341970399,5.70543591527367,50.6061424081477,5.70473574804094,0.161763825131375,0.136799999991375,2020.78377934423,2020.80874316937,196000000,hCoV-19/Belgium/ULG-10511/2020|EPI_ISL_626285|2020-10-23|Europe
615,616,0.05471,50.6367259166781,5.66351761960077,50.5406070317428,5.19312139987978,0.150329999991375,0.095619999991375,2020.74259934423,2020.79730934423,196000000,NA
615,618,0.01852,50.6367259166781,5.66351761960077,50.6444441046291,5.64713994316998,0.114139999991375,0.095619999991375,2020.74259934423,2020.76111934423,196000000,NA
616,617,0.00942000000000001,50.5406070317428,5.19312139987978,50.5405945311866,5.1924577369394,0.159749999991375,0.150329999991375,2020.79730934423,2020.80672934423,196000000,NA
616,520,0.01963054645,50.5406070317428,5.19312139987978,50.3277025176173,5.49764792149656,0.169960546441375,0.150329999991375,2020.79730934423,2020.81693989068,196000000,hCoV-19/Belgium/ULG-10686/2020|EPI_ISL_636658|2020-10-26|Europe
617,521,0.01021054645,50.5405945311866,5.1924577369394,50.5116252830936,5.1430871328841,0.169960546441375,0.159749999991375,2020.80672934423,2020.81693989068,196000000,hCoV-19/Belgium/ULG-10672/2020|EPI_ISL_636647|2020-10-26|Europe
617,522,0.01021054645,50.5405945311866,5.1924577369394,50.5426262316578,5.19860699977971,0.169960546441375,0.159749999991375,2020.80672934423,2020.81693989068,196000000,hCoV-19/Belgium/ULG-10669/2020|EPI_ISL_636645|2020-10-26|Europe
618,523,0.05308830601,50.6444441046291,5.64713994316998,50.6052369470663,5.63216830412634,0.167228306001375,0.114139999991375,2020.76111934423,2020.81420765024,196000000,hCoV-19/Belgium/ULG-10675/2020|EPI_ISL_636649|2020-10-25|Europe
618,619,0.000399999999999998,50.6444441046291,5.64713994316998,50.6451487549282,5.64772193015754,0.114539999991375,0.114139999991375,2020.76111934423,2020.76151934423,196000000,NA
619,524,0.05542054645,50.6451487549282,5.64772193015754,50.648603076113,5.63779827339603,0.169960546441375,0.114539999991375,2020.76151934423,2020.81693989068,196000000,hCoV-19/Belgium/ULG-10690/2020|EPI_ISL_636662|2020-10-26|Europe
619,620,0.000229999999999994,50.6451487549282,5.64772193015754,50.645119914324,5.64769790173635,0.114769999991375,0.114539999991375,2020.76151934423,2020.76174934423,196000000,NA
620,621,5e-04,50.645119914324,5.64769790173635,50.6451077984591,5.64770043760139,0.115269999991375,0.114769999991375,2020.76174934423,2020.76224934423,196000000,NA
620,525,0.05519054645,50.645119914324,5.64769790173635,50.4776739249835,5.26677310955723,0.169960546441375,0.114769999991375,2020.76174934423,2020.81693989068,196000000,hCoV-19/Belgium/ULG-10698/2020|EPI_ISL_636670|2020-10-26|Europe
621,526,0.05469054645,50.6451077984591,5.64770043760139,50.6453347321011,5.64997219439498,0.169960546441375,0.115269999991375,2020.76224934423,2020.81693989068,196000000,hCoV-19/Belgium/ULG-10684/2020|EPI_ISL_636656|2020-10-26|Europe
621,622,0.01637,50.6451077984591,5.64770043760139,50.536902100047,5.50975616723433,0.131639999991375,0.115269999991375,2020.76224934423,2020.77861934423,196000000,NA
622,623,0.02625082789,50.536902100047,5.50975616723433,50.5374247135988,5.51001739377428,0.157890827881375,0.131639999991375,2020.77861934423,2020.80487017212,196000000,NA
622,527,0.04105278689,50.536902100047,5.50975616723433,50.6845021142542,5.54566572367727,0.172692786881375,0.131639999991375,2020.77861934423,2020.81967213112,196000000,hCoV-19/Belgium/ULG-10683/2020|EPI_ISL_636655|2020-10-27|Europe
623,624,0.000469172113600008,50.5374247135988,5.51001739377428,50.5374508858258,5.51002727579957,0.158359999994975,0.157890827881375,2020.80487017212,2020.80533934423,196000000,NA
623,528,0.00387299725000001,50.5374247135988,5.51001739377428,50.6057380536441,5.4913126929724,0.161763825131375,0.157890827881375,2020.80487017212,2020.80874316937,196000000,hCoV-19/Belgium/ULG-10542/2020|EPI_ISL_626266|2020-10-23|Europe
624,530,0.00340382513699999,50.5374508858258,5.51002727579957,50.6606394342044,5.9718973004101,0.161763825131975,0.158359999994975,2020.80533934423,2020.80874316937,196000000,hCoV-19/Belgium/ULG-10588/2020|EPI_ISL_626338|2020-10-23|Europe
624,529,0.00340382513699999,50.5374508858258,5.51002727579957,50.5373797487323,5.51004176756938,0.161763825131975,0.158359999994975,2020.80533934423,2020.80874316937,196000000,hCoV-19/Belgium/ULG-10546/2020|EPI_ISL_626290|2020-10-23|Europe
625,626,0.02952078289,50.7704898728418,4.96026944029868,50.7573991198599,4.46882661789537,0.094579999995475,0.065059217105475,2020.71203856134,2020.74155934423,196000000,NA
625,531,0.00380843315900001,50.7704898728418,4.96026944029868,50.7705671407322,4.95993158261509,0.068867650264475,0.065059217105475,2020.71203856134,2020.7158469945,196000000,SARS2-CoV/Belgium/Human/rega-09191060
626,627,0.01648048334,50.7573991198599,4.46882661789537,50.7574552633522,4.46879012185363,0.111060483335475,0.094579999995475,2020.74155934423,2020.75803982757,196000000,NA
626,532,0.07538054645,50.7573991198599,4.46882661789537,50.4991828195466,5.06186031181571,0.169960546445475,0.094579999995475,2020.74155934423,2020.81693989068,196000000,hCoV-19/Belgium/ULG-10697/2020|EPI_ISL_636669|2020-10-26|Europe
627,628,0.0008495166577,50.7574552633522,4.46879012185363,50.757004077187,4.46843089050519,0.111909999993175,0.111060483335475,2020.75803982757,2020.75888934423,196000000,NA
627,629,0.0008495166577,50.7574552633522,4.46879012185363,50.757004077187,4.46843089050519,0.111909999993175,0.111060483335475,2020.75803982757,2020.75888934423,196000000,NA
628,534,0.00340573770499999,50.757004077187,4.46843089050519,50.7751819172974,4.43112575655458,0.115315737698175,0.111909999993175,2020.75888934423,2020.76229508193,196000000,SARS2-CoV/Belgium/Human/rega-10061035
628,533,0.00340573770499999,50.757004077187,4.46843089050519,50.8794812033448,4.49966087984465,0.115315737698175,0.111909999993175,2020.75888934423,2020.76229508193,196000000,SARS2-CoV/Belgium/Human/rega-10061036
629,630,0.04695,50.757004077187,4.46843089050519,50.4199070741962,5.31099487112427,0.158859999993175,0.111909999993175,2020.75888934423,2020.80583934423,196000000,NA
629,535,0.00340573770499999,50.757004077187,4.46843089050519,50.7568754426183,4.46813670640226,0.115315737698175,0.111909999993175,2020.75888934423,2020.76229508193,196000000,SARS2-CoV/Belgium/Human/rega-10061037
630,536,0.01110054645,50.4199070741962,5.31099487112427,50.4194638553652,5.31058044086923,0.169960546443175,0.158859999993175,2020.80583934423,2020.81693989068,196000000,hCoV-19/Belgium/ULG-10701/2020|EPI_ISL_636673|2020-10-26|Europe
630,537,0.02476174863,50.4199070741962,5.31099487112427,50.4785941127269,5.32345457535516,0.183621748623175,0.158859999993175,2020.80583934423,2020.83060109286,196000000,hCoV-19/Belgium/ULG-10777/2020|EPI_ISL_644623|2020-10-31|Europe
868,865,0.01668661202,50.9867763059534,4.36686651632574,51.0246340343007,4.39481929632705,0.01668661202,0,2020.71008934426,2020.72677595628,196000000,SARS2-CoV/Belgium/Human/rega-09231006
868,869,0.00848,50.9867763059534,4.36686651632574,50.8877943534151,4.70454484911996,0.00848,0,2020.71008934426,2020.71856934426,196000000,NA
869,866,9.89071027300038e-06,50.8877943534151,4.70454484911996,50.8878463270771,4.70457902827448,0.008489890710273,0.00848,2020.71856934426,2020.71857923497,196000000,SARS2-CoV/Belgium/Human/rega-09201063
869,867,0.008206612022,50.8877943534151,4.70454484911996,50.9422244186435,4.51231386537218,0.016686612022,0.00848,2020.71856934426,2020.72677595628,196000000,SARS2-CoV/Belgium/Human/rega-09231005
879,880,0.000148810646800002,50.516634886472,5.69364813866873,50.5166457177078,5.69374860208057,0.000148810646800002,0,2020.68836053358,2020.68850934423,196000000,NA
879,882,0.000148810646800002,50.516634886472,5.69364813866873,50.5166457177078,5.69374860208057,0.000148810646800002,0,2020.68836053358,2020.68850934423,196000000,NA
880,870,0.1284305464,50.5166457177078,5.69374860208057,50.6018817455369,5.91367733226531,0.1285793570468,0.000148810646800002,2020.68850934423,2020.81693989063,196000000,hCoV-19/Belgium/ULG-10647/2020|EPI_ISL_636625|2020-10-26|Europe
880,881,0.01527,50.5166457177078,5.69374860208057,50.5082453654467,5.15493235357578,0.0154188106468,0.000148810646800002,2020.68850934423,2020.70377934423,196000000,NA
881,871,0.00933540983599999,50.5082453654467,5.15493235357578,50.5062065994038,5.15073847737314,0.0247542204828,0.0154188106468,2020.70377934423,2020.71311475407,196000000,hCoV-19/Belgium/ULG-10735/2020|EPI_ISL_641577|2020-09-18|Europe
881,872,0.00933540983599999,50.5082453654467,5.15493235357578,50.4771979517796,5.16879273323463,0.0247542204828,0.0154188106468,2020.70377934423,2020.71311475407,196000000,hCoV-19/Belgium/ULG-10732/2020|EPI_ISL_641574|2020-09-18|Europe
882,883,0.00844,50.5166457177078,5.69374860208057,50.516050284282,5.69425945045149,0.0085888106468,0.000148810646800002,2020.68850934423,2020.69694934423,196000000,NA
882,885,0.00248000000000001,50.5166457177078,5.69374860208057,50.503870809408,5.66355384831349,0.00262881064680001,0.000148810646800002,2020.68850934423,2020.69098934423,196000000,NA
883,873,0.1363839891,50.516050284282,5.69425945045149,50.7551548423821,5.93236000738331,0.1449727997468,0.0085888106468,2020.69694934423,2020.83333333333,196000000,hCoV-19/Belgium/ULG-10772/2020|EPI_ISL_644618|2020-11-01|Europe
883,884,0.00794999999999998,50.516050284282,5.69425945045149,50.3420445100611,5.68587477345355,0.0165388106468,0.0085888106468,2020.69694934423,2020.70489934423,196000000,NA
884,874,1.86885246400148e-05,50.3420445100611,5.68587477345355,50.3420319944895,5.68584565230114,0.01655749917144,0.0165388106468,2020.70489934423,2020.70491803275,196000000,hCoV-19/Belgium/ULG-10730/2020|EPI_ISL_641572|2020-09-15|Europe
884,875,0.01094765027,50.3420445100611,5.68587477345355,50.4006502179218,5.45828922219945,0.0274864609168,0.0165388106468,2020.70489934423,2020.7158469945,196000000,hCoV-19/Belgium/ULG-10742/2020|EPI_ISL_641584|2020-09-19|Europe
885,886,0.02485,50.503870809408,5.66355384831349,50.6502643211799,5.61095509539352,0.0274788106468,0.00262881064680001,2020.69098934423,2020.71583934423,196000000,NA
885,876,0.03578661202,50.503870809408,5.66355384831349,50.5007841031875,5.66350400268026,0.0384154226668,0.00262881064680001,2020.69098934423,2020.72677595625,196000000,hCoV-19/Belgium/ULG-10478/2020|EPI_ISL_581646|2020-09-23|Europe
886,878,7.65027314700295e-06,50.6502643211799,5.61095509539352,50.6502635684854,5.61094116213453,0.027486460919947,0.0274788106468,2020.71583934423,2020.7158469945,196000000,hCoV-19/Belgium/ULG-10752/2020|EPI_ISL_641594|2020-09-19|Europe
886,877,0.01093661202,50.6502643211799,5.61095509539352,50.4877786214235,5.66414095552038,0.0384154226668,0.0274788106468,2020.71583934423,2020.72677595625,196000000,hCoV-19/Belgium/ULG-10477/2020|EPI_ISL_581585|2020-09-23|Europe
891,892,0.101655108,50.8732355725354,4.43359803896312,50.6374171243713,5.01845082197454,0.101655108,0,2020.70656423626,2020.80821934426,196000000,NA
891,893,0.000765107956299999,50.8732355725354,4.43359803896312,50.8741897738775,4.43439408707831,0.000765107956299999,0,2020.70656423626,2020.70732934422,196000000,NA
892,887,0.05790087432,50.6374171243713,5.01845082197454,50.6164340959255,5.08132555212416,0.15955598232,0.101655108,2020.80821934426,2020.86612021858,196000000,hCoV-19/Belgium/ULG-10831/2020|EPI_ISL_661249|2020-11-13|Europe
892,888,0.05790087432,50.6374171243713,5.01845082197454,50.6370598254956,5.01275036739418,0.15955598232,0.101655108,2020.80821934426,2020.86612021858,196000000,hCoV-19/Belgium/ULG-10827/2020|EPI_ISL_661247|2020-11-13|Europe
893,889,0.0549657377,50.8741897738775,4.43439408707831,50.8779733912013,4.43215797718381,0.0557308456563,0.000765107956299999,2020.70732934422,2020.76229508192,196000000,SARS2-CoV/Belgium/Human/rega-10061029
893,890,0.0549657377,50.8741897738775,4.43439408707831,50.8729395559401,4.48642207193556,0.0557308456563,0.000765107956299999,2020.70732934422,2020.76229508192,196000000,SARS2-CoV/Belgium/Human/rega-10061044
897,894,0.00393221216600001,50.5389479149126,5.52480035982162,50.3117164941269,5.0599989139159,0.00393221216600001,0,2020.72284374409,2020.72677595625,196000000,hCoV-19/Belgium/ULG-10494/2020|EPI_ISL_581656|2020-09-23|Europe
897,898,0.000515600144000011,50.5389479149126,5.52480035982162,50.5402181959575,5.52631798569913,0.000515600144000011,0,2020.72284374409,2020.72335934423,196000000,NA
898,895,0.1536898361,50.5402181959575,5.52631798569913,50.681654635795,5.61084733161859,0.154205436244,0.000515600144000011,2020.72335934423,2020.87704918033,196000000,hCoV-19/Belgium/ULG-10799/2020|EPI_ISL_661229|2020-11-17|Europe
898,896,0.003416612022,50.5402181959575,5.52631798569913,50.5409877091561,5.52774921584446,0.00393221216600001,0.000515600144000011,2020.72335934423,2020.72677595625,196000000,hCoV-19/Belgium/ULG-10495/2020|EPI_ISL_581657|2020-09-23|Europe
911,912,0.13325,50.4585736226909,5.14965052046534,50.52918426085,5.82798292022348,0.15599601916,0.02274601916,2020.57374934426,2020.70699934426,196000000,NA
912,902,0.01704437158,50.52918426085,5.82798292022348,50.5280505485925,5.82821567739181,0.17304039074,0.15599601916,2020.70699934426,2020.72404371584,196000000,hCoV-19/Belgium/ULG-10467/2020|EPI_ISL_581637|2020-09-22|Europe
912,913,0.07666,50.52918426085,5.82798292022348,50.6643837742539,5.66713354583635,0.23265601916,0.15599601916,2020.70699934426,2020.78365934426,196000000,NA
913,914,0.02166,50.6643837742539,5.66713354583635,50.6658113089303,5.6705980547542,0.25431601916,0.23265601916,2020.78365934426,2020.80531934426,196000000,NA
913,903,0.03054830601,50.6643837742539,5.66713354583635,50.6626632781226,5.66469920572024,0.26320432517,0.23265601916,2020.78365934426,2020.81420765027,196000000,hCoV-19/Belgium/ULG-10631/2020|EPI_ISL_636610|2020-10-25|Europe
914,904,0.00342382513700001,50.6658113089303,5.6705980547542,50.6686445119719,5.67846587805533,0.257739844297,0.25431601916,2020.80531934426,2020.8087431694,196000000,hCoV-19/Belgium/ULG-10584/2020|EPI_ISL_626298|2020-10-23|Europe
914,905,0.00342382513700001,50.6658113089303,5.6705980547542,50.6203547591182,5.69385331948715,0.257739844297,0.25431601916,2020.80531934426,2020.8087431694,196000000,hCoV-19/Belgium/ULG-10574/2020|EPI_ISL_626262|2020-10-23|Europe
930,933,0.11404,50.8960361397496,4.7107279094103,50.8944587835407,4.71710889403592,0.11404,0,2020.57398934426,2020.68802934426,196000000,NA
931,932,0.12568,50.8945081732128,4.65965302432686,50.8945427180655,4.66409741674481,0.13365,0.00797,2020.58195934426,2020.70763934426,196000000,NA
932,917,1.09289617699904e-05,50.8945427180655,4.66409741674481,50.8945125847493,4.66408942414693,0.13366092896177,0.13365,2020.70763934426,2020.70765027322,196000000,SARS2-CoV/Belgium/Human/rega-0916980
932,918,1.09289617699904e-05,50.8945427180655,4.66409741674481,50.9145999315633,4.69239161132688,0.13366092896177,0.13365,2020.70763934426,2020.70765027322,196000000,SARS2-CoV/Belgium/Human/rega-0916978
933,936,0.000119999999999981,50.8944587835407,4.71710889403592,50.8944692808792,4.71706041137442,0.11416,0.11404,2020.68802934426,2020.68814934426,196000000,NA
933,934,0.0302,50.8944587835407,4.71710889403592,50.8860641376708,4.69072497927299,0.14424,0.11404,2020.68802934426,2020.71822934426,196000000,NA
934,935,0.04405,50.8860641376708,4.69072497927299,50.8875588992537,4.69212511236963,0.18829,0.14424,2020.71822934426,2020.76227934426,196000000,NA
934,919,0.09871054645,50.8860641376708,4.69072497927299,50.6735570424346,5.80575740528508,0.24295054645,0.14424,2020.71822934426,2020.81693989071,196000000,hCoV-19/Belgium/ULG-10651/2020|EPI_ISL_636629|2020-10-26|Europe
935,920,1.57377049699869e-05,50.8875588992537,4.69212511236963,50.8875743896459,4.6921322625873,0.18830573770497,0.18829,2020.76227934426,2020.76229508197,196000000,SARS2-CoV/Belgium/Human/rega-10061039
935,921,1.57377049699869e-05,50.8875588992537,4.69212511236963,50.880017784668,4.71143414912377,0.18830573770497,0.18829,2020.76227934426,2020.76229508197,196000000,SARS2-CoV/Belgium/Human/rega-10061045
936,937,0.01949,50.8944692808792,4.71706041137442,50.9026548340702,4.50772579736441,0.13365,0.11416,2020.68814934426,2020.70763934426,196000000,NA
936,938,0.01308,50.8944692808792,4.71706041137442,50.8935765439303,4.71697933935531,0.12724,0.11416,2020.68814934426,2020.70122934426,196000000,NA
937,922,1.09289617699904e-05,50.9026548340702,4.50772579736441,50.902727051923,4.50777791201679,0.13366092896177,0.13365,2020.70763934426,2020.70765027322,196000000,SARS2-CoV/Belgium/Human/rega-0916975
937,923,0.00547540983600001,50.9026548340702,4.50772579736441,50.9193920127858,4.508351961571,0.139125409836,0.13365,2020.70763934426,2020.7131147541,196000000,SARS2-CoV/Belgium/Human/rega-09181055
938,924,0.1157105464,50.8935765439303,4.71697933935531,50.6280114332487,5.60316259280572,0.2429505464,0.12724,2020.70122934426,2020.81693989066,196000000,hCoV-19/Belgium/ULG-10636/2020|EPI_ISL_636614|2020-10-26|Europe
938,939,0.00461,50.8935765439303,4.71697933935531,50.8955023129613,4.72024950717713,0.13185,0.12724,2020.70122934426,2020.70583934426,196000000,NA
939,940,0.04824,50.8955023129613,4.72024950717713,50.9407651872066,4.74055250957776,0.18009,0.13185,2020.70583934426,2020.75407934426,196000000,NA
939,941,0.000730000000000008,50.8955023129613,4.72024950717713,50.895496836301,4.72028025121055,0.13258,0.13185,2020.70583934426,2020.70656934426,196000000,NA
940,925,1.90163933700138e-05,50.9407651872066,4.74055250957776,50.9407084764362,4.74050433307847,0.18010901639337,0.18009,2020.75407934426,2020.75409836065,196000000,SARS2-CoV/Belgium/Human/rega-10031031
940,926,0.008215737705,50.9407651872066,4.74055250957776,50.9491184188854,4.72543807296347,0.188305737705,0.18009,2020.75407934426,2020.76229508197,196000000,SARS2-CoV/Belgium/Human/rega-10061034
941,942,0.00359000000000001,50.895496836301,4.72028025121055,50.8880250330742,4.71552915549816,0.13617,0.13258,2020.70656934426,2020.71015934426,196000000,NA
941,927,0.1021738251,50.895496836301,4.72028025121055,50.5894620289634,5.57631617167954,0.2347538251,0.13258,2020.70656934426,2020.80874316936,196000000,hCoV-19/Belgium/ULG-10597/2020|EPI_ISL_626261|2020-10-23|Europe
942,928,0.000223169398899992,50.8880250330742,4.71552915549816,50.8621692459509,4.33129719341856,0.1363931693989,0.13617,2020.71015934426,2020.71038251366,196000000,SARS2-CoV/Belgium/Human/rega-0917988
942,929,0.01115213115,50.8880250330742,4.71552915549816,50.8883064391131,4.71595637359846,0.14732213115,0.13617,2020.71015934426,2020.72131147541,196000000,SARS2-CoV/Belgium/Human/rega-09211061
948,943,0.04673382514,50.6451781065762,5.66099707535134,50.5949570945551,5.70210688331884,0.04673382514,0,2020.76200934426,2020.8087431694,196000000,hCoV-19/Belgium/ULG-10538/2020|EPI_ISL_626326|2020-10-23|Europe
948,949,0.0285,50.6451781065762,5.66099707535134,50.6635565540514,5.59013114869527,0.0285,0,2020.76200934426,2020.79050934426,196000000,NA
949,944,0.01823382514,50.6635565540514,5.59013114869527,50.7106273550518,5.49675247905247,0.04673382514,0.0285,2020.79050934426,2020.8087431694,196000000,hCoV-19/Belgium/ULG-10585/2020|EPI_ISL_626336|2020-10-23|Europe
949,950,0.01486,50.6635565540514,5.59013114869527,50.4892117343966,5.16430815041954,0.04336,0.0285,2020.79050934426,2020.80536934426,196000000,NA
950,945,0.01157054645,50.4892117343966,5.16430815041954,50.4849096179454,5.15688535143733,0.05493054645,0.04336,2020.80536934426,2020.81693989071,196000000,hCoV-19/Belgium/ULG-10706/2020|EPI_ISL_636678|2020-10-26|Europe
950,951,0.01116,50.4892117343966,5.16430815041954,50.4920756765183,5.1678399809406,0.05452,0.04336,2020.80536934426,2020.81652934426,196000000,NA
951,946,0.06051983607,50.4920756765183,5.1678399809406,50.4885521950231,5.16146457764403,0.11503983607,0.05452,2020.81652934426,2020.87704918033,196000000,hCoV-19/Belgium/ULG-10811/2020|EPI_ISL_661236|2020-11-17|Europe
951,947,0.000410546448000003,50.4920756765183,5.1678399809406,50.4921732519318,5.16794293004555,0.054930546448,0.05452,2020.81652934426,2020.81693989071,196000000,hCoV-19/Belgium/ULG-10712/2020|EPI_ISL_636683|2020-10-26|Europe
1492,980,0.5540423396,50.8582571136106,4.33248287072945,50.8313209956444,4.54682916127434,0.5646216067222,0.0105792671222,2020.17000137629,2020.72404371589,196000000,SARS2-CoV/Belgium/Human/rega-09221020
1675,1676,0.214817775,50.8606804053396,4.54680237031841,50.8603181588961,4.5466565549914,0.5271650101304,0.3123472351304,2020.4717693443,2020.6865871193,196000000,NA
1676,1677,0.000622225029400014,50.8603181588961,4.5466565549914,50.8603197602651,4.54665618851465,0.5277872351598,0.5271650101304,2020.6865871193,2020.68720934433,196000000,NA
1676,1159,0.02106315399,50.8603181588961,4.5466565549914,50.9229354955711,4.73298116214963,0.5482281641204,0.5271650101304,2020.6865871193,2020.70765027329,196000000,SARS2-CoV/Belgium/Human/rega-0916979
1677,1160,0.01770868852,50.8603197602651,4.54665618851465,50.8599908729698,4.54624677784844,0.5454959236798,0.5277872351598,2020.68720934433,2020.70491803285,196000000,SARS2-CoV/Belgium/Human/rega-0915953
1677,1161,0.02044092896,50.8603197602651,4.54665618851465,50.9050687433651,4.67905551234201,0.5482281641198,0.5277872351598,2020.68720934433,2020.70765027329,196000000,SARS2-CoV/Belgium/Human/rega-0916963
1745,1227,0.1287352459,50.8289421077012,4.8000340790011,50.8286906735127,4.79963857540625,0.5291024810016,0.4003672351016,2020.55978934427,2020.68852459017,196000000,SARS2-CoV/Belgium/Human/rega-0909932
1753,1233,0.07361092896,50.7602121118578,4.49243931374697,50.7520900817259,4.47964794215233,0.5482281640658,0.4746172351058,2020.63403934427,2020.70765027323,196000000,SARS2-CoV/Belgium/Human/rega-0916977
1753,1232,0.1747038251,50.7602121118578,4.49243931374697,50.6137621449905,5.59043288266497,0.6493210602058,0.4746172351058,2020.63403934427,2020.80874316937,196000000,hCoV-19/Belgium/ULG-10525/2020|EPI_ISL_626327|2020-10-23|Europe
1755,1236,0.08785508197,50.6427603604337,5.61710438399389,50.6459122899464,5.53978002622776,0.504512317073,0.416657235103,2020.57607934427,2020.66393442624,196000000,hCoV-19/Belgium/ULG-10465/2020|EPI_ISL_581636|2020-08-31|Europe
1784,1265,0.1409957377,50.6346562577781,5.60520535557751,50.9292116749139,4.48281074510014,0.6028729728056,0.4618772351056,2020.62129934427,2020.76229508197,196000000,SARS2-CoV/Belgium/Human/rega-10061046
1800,1283,0.1840557377,51.2122753932923,4.52292816354967,50.8014795482185,4.54926912636519,0.6028729728014,0.4188172351014,2020.57823934427,2020.76229508197,196000000,SARS2-CoV/Belgium/Human/rega-10061010
1807,1288,0.1508631694,50.9284558749711,5.20118165268642,50.9285176327654,5.20127065003844,0.5509604044986,0.4000972350986,2020.55951934427,2020.71038251367,196000000,SARS2-CoV/Belgium/Human/rega-0917992
1807,1808,0.1502338007,50.9284558749711,5.20118165268642,50.9003224484932,4.33950082308353,0.5503310357986,0.4000972350986,2020.55951934427,2020.70975314497,196000000,NA
1808,1290,0.00062936866450003,50.9003224484932,4.33950082308353,50.900295381972,4.33947503251377,0.5509604044631,0.5503310357986,2020.70975314497,2020.71038251363,196000000,SARS2-CoV/Belgium/Human/rega-0917995
1808,1289,0.00062936866450003,50.9003224484932,4.33950082308353,50.8991517540447,4.3303459750863,0.5509604044631,0.5503310357986,2020.70975314497,2020.71038251363,196000000,SARS2-CoV/Belgium/Human/rega-0917986
1823,1302,0.09029956284,50.6268727366546,5.60283607813317,50.6041501926329,5.61058798987659,0.5099767979385,0.4196772350985,2020.57909934427,2020.66939890711,196000000,hCoV-19/Belgium/ULG-10610/2020|EPI_ISL_626245|2020-09-02|Europe
1824,1304,0.2956275956,50.6269853491772,5.60301213739867,50.5977353560773,5.55159467938689,0.7148948306985,0.4192672350985,2020.57868934427,2020.87431693987,196000000,hCoV-19/Belgium/ULG-10785/2020|EPI_ISL_661221|2020-11-16|Europe
1844,1845,0.03910687962,50.872785798681,4.7076778685813,50.9097315628178,4.70246624740004,0.5121241147186,0.4730172350986,2020.63243934427,2020.67154622389,196000000,NA
1844,1326,0.0588174863399999,50.872785798681,4.7076778685813,50.8726391889219,4.7076174568698,0.5318347214386,0.4730172350986,2020.63243934427,2020.69125683061,196000000,SARS2-CoV/Belgium/Human/rega-0910935
1845,1847,0.000303120381299982,50.9097315628178,4.70246624740004,50.9097827688883,4.70253843883105,0.5124272350999,0.5121241147186,2020.67154622389,2020.67184934427,196000000,NA
1845,1846,0.000303120381299982,50.9097315628178,4.70246624740004,50.9097827688883,4.70253843883105,0.5124272350999,0.5121241147186,2020.67154622389,2020.67184934427,196000000,NA
1846,1327,0.0166752459,50.9097827688883,4.70253843883105,50.9675400244462,4.67121802185347,0.5291024809999,0.5124272350999,2020.67184934427,2020.68852459017,196000000,SARS2-CoV/Belgium/Human/rega-0909929
1846,1328,0.1450905464,50.9097827688883,4.70253843883105,50.4046081938229,5.27015139909282,0.6575177814999,0.5124272350999,2020.67184934427,2020.81693989067,196000000,hCoV-19/Belgium/ULG-10695/2020|EPI_ISL_636667|2020-10-26|Europe
1847,1848,0.02447373136,50.9097827688883,4.70253843883105,50.9093570849817,4.7020784282195,0.5369009664599,0.5124272350999,2020.67184934427,2020.69632307563,196000000,NA
1847,1331,0.0385331694,50.9097827688883,4.70253843883105,50.8832758257595,4.45325159005467,0.5509604044999,0.5124272350999,2020.67184934427,2020.71038251367,196000000,SARS2-CoV/Belgium/Human/rega-0917994
1848,1329,0.000398235857899998,50.9093570849817,4.7020784282195,50.9358633355229,4.73045669750078,0.5372992023178,0.5369009664599,2020.69632307563,2020.69672131149,196000000,SARS2-CoV/Belgium/Human/rega-0911937
1848,1330,0.01405943804,50.9093570849817,4.7020784282195,50.9113489363762,4.70910506650426,0.5509604044999,0.5369009664599,2020.69632307563,2020.71038251367,196000000,SARS2-CoV/Belgium/Human/rega-0917990
1853,1854,0.1343327572,50.5477903159403,5.36222699615565,50.605849823848,5.60961431118793,0.5528499922995,0.4185172350995,2020.57793934427,2020.71227210147,196000000,NA
1854,1337,0.09647106791,50.605849823848,5.60961431118793,50.6179001572086,5.63268663969026,0.6493210602095,0.5528499922995,2020.71227210147,2020.80874316938,196000000,hCoV-19/Belgium/ULG-10533/2020|EPI_ISL_626325|2020-10-23|Europe
1854,1336,0.000842652606099947,50.605849823848,5.60961431118793,50.6058517939212,5.60957563018487,0.5536926449056,0.5528499922995,2020.71227210147,2020.71311475407,196000000,hCoV-19/Belgium/ULG-10763/2020|EPI_ISL_641605|2020-09-18|Europe
1860,1861,0.12953,51.2208538057022,4.51109849456575,50.7540248516414,4.54938372019078,0.5473872350984,0.4178572350984,2020.57727934427,2020.70680934427,196000000,NA
1861,1342,0.1675075956,50.7540248516414,4.54938372019078,50.6198522954073,5.60526420449026,0.7148948306984,0.5473872350984,2020.70680934427,2020.87431693987,196000000,hCoV-19/Belgium/ULG-10788/2020|EPI_ISL_661223|2020-11-16|Europe
1861,1343,0.000840928961799992,50.7540248516414,4.54938372019078,50.7531951299934,4.54842159524641,0.5482281640602,0.5473872350984,2020.70680934427,2020.70765027323,196000000,SARS2-CoV/Belgium/Human/rega-0916970
1865,1348,0.2818475956,50.6023605048175,5.49487438099251,50.4911110207544,5.64772370175141,0.7148948306984,0.4330472350984,2020.59246934427,2020.87431693987,196000000,hCoV-19/Belgium/ULG-10794/2020|EPI_ISL_661228|2020-11-16|Europe
1867,1869,0.19105,50.601490610659,5.49427736343121,50.6024520459912,5.54414403800128,0.6407672350961,0.4497172350961,2020.60913934426,2020.80018934426,196000000,NA
1868,1350,0.00831397070099998,50.6514266348661,5.01012659431982,50.695640333324,5.06225803698255,0.5045123170671,0.4961983463661,2020.65562045553,2020.66393442624,196000000,hCoV-19/Belgium/ULG-10462/2020|EPI_ISL_581633|2020-08-31|Europe
1869,1351,0.01675054645,50.6024520459912,5.54414403800128,50.6870905355694,5.64009843143699,0.6575177815461,0.6407672350961,2020.80018934426,2020.81693989071,196000000,hCoV-19/Belgium/ULG-10646/2020|EPI_ISL_636624|2020-10-26|Europe
1869,1870,0.00514999999999999,50.6024520459912,5.54414403800128,50.6023698133146,5.54403518531142,0.6459172350961,0.6407672350961,2020.80018934426,2020.80533934426,196000000,NA
1870,1352,0.00340382513699999,50.6023698133146,5.54403518531142,50.602106240745,5.54378005097023,0.6493210602331,0.6459172350961,2020.80533934426,2020.8087431694,196000000,hCoV-19/Belgium/ULG-10569/2020|EPI_ISL_626280|2020-10-23|Europe
1870,1871,0.00139,50.6023698133146,5.54403518531142,50.602402882396,5.54406083324833,0.6473072350961,0.6459172350961,2020.80533934426,2020.80672934426,196000000,NA
1871,1354,0.07031983607,50.602402882396,5.54406083324833,50.7002226273866,5.63448128145612,0.7176270711661,0.6473072350961,2020.80672934426,2020.87704918033,196000000,hCoV-19/Belgium/ULG-10806/2020|EPI_ISL_661233|2020-11-17|Europe
1871,1353,0.01021054645,50.602402882396,5.54406083324833,50.5925641658272,5.42865852575479,0.6575177815461,0.6473072350961,2020.80672934426,2020.81693989071,196000000,hCoV-19/Belgium/ULG-10659/2020|EPI_ISL_636636|2020-10-26|Europe
1873,1355,0.04377404372,50.6022511704495,5.49760658827479,50.501454906486,5.14166141650223,0.5154412788203,0.4716672351003,2020.63108934427,2020.67486338799,196000000,hCoV-19/Belgium/ULG-10609/2020|EPI_ISL_626246|2020-09-04|Europe
1874,1885,0.03691847243,50.602402882396,5.54406083324833,50.6024311174113,5.49856132846526,0.5099757075303,0.4730572351003,2020.63247934427,2020.6693978167,196000000,NA
1876,1877,0.1430123696,50.6482110657609,5.08339931798121,50.6467697043524,5.08193829021393,0.6430396047003,0.5000272351003,2020.65944934427,2020.80246171387,196000000,NA
1877,1878,0.00267665485799995,50.6467697043524,5.08193829021393,50.6276512288182,5.63966578513071,0.6457162595583,0.6430396047003,2020.80246171387,2020.80513836873,196000000,NA
1877,1880,0.000657630380500041,50.6467697043524,5.08193829021393,50.6467835642899,5.08197153478168,0.6436972350808,0.6430396047003,2020.80246171387,2020.80311934425,196000000,NA
1878,1879,0.000870975522599959,50.6276512288182,5.63966578513071,50.4861406620664,4.99962746639966,0.6465872350809,0.6457162595583,2020.80513836873,2020.80600934425,196000000,NA
1878,1357,0.00360480065900004,50.6276512288182,5.63966578513071,50.6276537183704,5.63966673775413,0.6493210602173,0.6457162595583,2020.80513836873,2020.80874316939,196000000,hCoV-19/Belgium/ULG-10540/2020|EPI_ISL_626286|2020-10-23|Europe
1879,1359,0.01093054645,50.4861406620664,4.99962746639966,50.4860944274412,4.99960308493737,0.6575177815309,0.6465872350809,2020.80600934425,2020.8169398907,196000000,hCoV-19/Belgium/ULG-10692/2020|EPI_ISL_636664|2020-10-26|Europe
1879,1358,0.01093054645,50.4861406620664,4.99962746639966,50.6063080246042,5.47468575863471,0.6575177815309,0.6465872350809,2020.80600934425,2020.8169398907,196000000,hCoV-19/Belgium/ULG-10645/2020|EPI_ISL_636623|2020-10-26|Europe
1880,1360,0.06300087432,50.6467835642899,5.08197153478168,50.6552614571555,5.09865948794136,0.7066981094008,0.6436972350808,2020.80311934425,2020.86612021857,196000000,hCoV-19/Belgium/ULG-10833/2020|EPI_ISL_661250|2020-11-13|Europe
1880,1361,0.06300087432,50.6467835642899,5.08197153478168,50.6469014093135,5.0821926805075,0.7066981094008,0.6436972350808,2020.80311934425,2020.86612021857,196000000,hCoV-19/Belgium/ULG-10825/2020|EPI_ISL_661246|2020-11-13|Europe
1882,1362,4.27013117899611e-05,50.4601698023552,4.97804395731528,50.4601087780943,4.97794113992405,0.50451231706809,0.5044696157563,2020.66389172492,2020.66393442624,196000000,hCoV-19/Belgium/ULG-10602/2020|EPI_ISL_626239|2020-08-31|Europe
1882,1363,4.27013117899611e-05,50.4601698023552,4.97804395731528,50.3800538652648,5.28718336511102,0.50451231706809,0.5044696157563,2020.66389172492,2020.66393442624,196000000,hCoV-19/Belgium/ULG-10463/2020|EPI_ISL_581634|2020-08-31|Europe
1883,1884,0.01420542776,50.7488966268181,3.26470227483793,50.6206385146232,5.63153548814733,0.5181390589343,0.5039336311743,2020.66335574034,2020.6775611681,196000000,NA
1883,1364,0.000578685892899999,50.7488966268181,3.26470227483793,50.7488607969751,3.26466347650164,0.5045123170672,0.5039336311743,2020.66335574034,2020.66393442624,196000000,hCoV-19/Belgium/ULG-10618/2020|EPI_ISL_626241|2020-08-31|Europe
1884,1365,0.02735686469,50.6206385146232,5.63153548814733,50.4106375853378,5.46559313146515,0.5454959236243,0.5181390589343,2020.6775611681,2020.70491803279,196000000,hCoV-19/Belgium/ULG-10728/2020|EPI_ISL_641570|2020-09-15|Europe
1884,1366,3.44603169699642e-05,50.6206385146232,5.63153548814733,50.6206200597745,5.63152793349162,0.51817351925127,0.5181390589343,2020.6775611681,2020.67759562842,196000000,hCoV-19/Belgium/ULG-10619/2020|EPI_ISL_626252|2020-09-05|Europe
1885,1886,0.01810078457,50.6024311174113,5.49856132846526,50.6031933427545,5.49945520540672,0.5280764921003,0.5099757075303,2020.6693978167,2020.68749860127,196000000,NA
1885,1959,0.000221527571899971,50.6024311174113,5.49856132846526,50.6024382288564,5.49856675075116,0.5101972351022,0.5099757075303,2020.6693978167,2020.66961934427,196000000,NA
1886,1887,0.00030594190300004,50.6031933427545,5.49945520540672,50.6027016421452,5.49886729053199,0.5283824340033,0.5280764921003,2020.68749860127,2020.68780454317,196000000,NA
1886,1907,7.11356545799458e-05,50.6031933427545,5.49945520540672,50.6031732456285,5.49943147211107,0.52814762775488,0.5280764921003,2020.68749860127,2020.68756973692,196000000,NA
1887,1888,0.000614801099000029,50.6027016421452,5.49886729053199,50.5961268007497,5.60729938528184,0.5289972351023,0.5283824340033,2020.68780454317,2020.68841934427,196000000,NA
1887,1894,0.000614801099000029,50.6027016421452,5.49886729053199,50.5961268007497,5.60729938528184,0.5289972351023,0.5283824340033,2020.68780454317,2020.68841934427,196000000,NA
1888,1367,0.1858975956,50.5961268007497,5.60729938528184,50.5477920277204,5.7386879227196,0.7148948307023,0.5289972351023,2020.68841934427,2020.87431693987,196000000,hCoV-19/Belgium/ULG-10791/2020|EPI_ISL_661226|2020-11-16|Europe
1888,1889,0.02757,50.5961268007497,5.60729938528184,50.5942142980801,5.60518779489583,0.5565672351023,0.5289972351023,2020.68841934427,2020.71598934427,196000000,NA
1889,1891,0.02650701774,50.5942142980801,5.60518779489583,50.5964995772744,5.60387301734594,0.5830742528423,0.5565672351023,2020.71598934427,2020.74249636201,196000000,NA
1889,1890,0.00202000000000002,50.5942142980801,5.60518779489583,50.4547900718987,3.93747558050026,0.5585872351023,0.5565672351023,2020.71598934427,2020.71800934427,196000000,NA
1890,1368,0.0907338251399999,50.4547900718987,3.93747558050026,50.5004798233323,5.49671117297947,0.6493210602423,0.5585872351023,2020.71800934427,2020.80874316941,196000000,hCoV-19/Belgium/ULG-10526/2020|EPI_ISL_626301|2020-10-23|Europe
1890,1369,0.000569890710300003,50.4547900718987,3.93747558050026,50.5393215895887,5.32163867180329,0.5591571258126,0.5585872351023,2020.71800934427,2020.71857923498,196000000,hCoV-19/Belgium/ULG-10758/2020|EPI_ISL_641600|2020-09-20|Europe
1891,1893,0.000342982262599989,50.5964995772744,5.60387301734594,50.5964960674799,5.60385248485279,0.5834172351049,0.5830742528423,2020.74249636201,2020.74283934427,196000000,NA
1891,1892,0.01652298226,50.5964995772744,5.60387301734594,50.588982510523,5.92847782266034,0.5995972351023,0.5830742528423,2020.74249636201,2020.75901934427,196000000,NA
1892,1371,0.04972382514,50.588982510523,5.92847782266034,50.5841221278995,5.71751330332967,0.6493210602423,0.5995972351023,2020.75901934427,2020.80874316941,196000000,hCoV-19/Belgium/ULG-10577/2020|EPI_ISL_626333|2020-10-23|Europe
1892,1370,0.05792054645,50.588982510523,5.92847782266034,50.5896900221041,5.92907271068493,0.6575177815523,0.5995972351023,2020.75901934427,2020.81693989072,196000000,hCoV-19/Belgium/ULG-10711/2020|EPI_ISL_636682|2020-10-26|Europe
1893,1372,0.1314775956,50.5964960674799,5.60385248485279,50.409262663254,5.68375931982191,0.7148948307049,0.5834172351049,2020.74283934427,2020.87431693987,196000000,hCoV-19/Belgium/ULG-10789/2020|EPI_ISL_661224|2020-11-16|Europe
1893,1373,0.07136830601,50.5964960674799,5.60385248485279,50.6003746236119,5.60929855585009,0.6547855411149,0.5834172351049,2020.74283934427,2020.81420765028,196000000,hCoV-19/Belgium/ULG-10637/2020|EPI_ISL_636615|2020-10-25|Europe
1894,1895,0.04475548578,50.5961268007497,5.60729938528184,50.5539040171859,5.49858996667762,0.5737527208823,0.5289972351023,2020.68841934427,2020.73317483005,196000000,NA
1894,1900,0.07063537573,50.5961268007497,5.60729938528184,50.6026802520659,5.46551262714349,0.5996326108323,0.5289972351023,2020.68841934427,2020.75905472,196000000,NA
1895,1899,0.000574514216299948,50.5539040171859,5.49858996667762,50.5538905249918,5.49857671766941,0.5743272350986,0.5737527208823,2020.73317483005,2020.73374934427,196000000,NA
1895,1896,0.0449089678,50.5539040171859,5.49858996667762,50.5274671457767,5.16115891215851,0.6186616886823,0.5737527208823,2020.73317483005,2020.77808379785,196000000,NA
1896,1898,0.00039554641390005,50.5274671457767,5.16115891215851,50.5274691760668,5.16116402143633,0.6190572350962,0.6186616886823,2020.77808379785,2020.77847934426,196000000,NA
1896,1897,0.0286455464100001,50.5274671457767,5.16115891215851,50.5263881364718,5.15985839110889,0.6473072350923,0.6186616886823,2020.77808379785,2020.80672934426,196000000,NA
1897,1374,0.02387174863,50.5263881364718,5.15985839110889,50.5542056684629,5.17356199326415,0.6711789837223,0.6473072350923,2020.80672934426,2020.83060109289,196000000,hCoV-19/Belgium/ULG-10778/2020|EPI_ISL_644624|2020-10-31|Europe
1897,1375,0.01021054645,50.5263881364718,5.15985839110889,50.5265154504613,5.16001874099776,0.6575177815423,0.6473072350923,2020.80672934426,2020.81693989071,196000000,hCoV-19/Belgium/ULG-10671/2020|EPI_ISL_636646|2020-10-26|Europe
1898,1377,0.08764087432,50.5274691760668,5.16116402143633,50.5241558375129,5.17977753155056,0.7066981094162,0.6190572350962,2020.77847934426,2020.86612021858,196000000,hCoV-19/Belgium/ULG-10824/2020|EPI_ISL_661217|2020-11-13|Europe
1898,1376,0.03846054645,50.5274691760668,5.16116402143633,50.5027159429289,5.3670105091747,0.6575177815462,0.6190572350962,2020.77847934426,2020.81693989071,196000000,hCoV-19/Belgium/ULG-10710/2020|EPI_ISL_636681|2020-10-26|Europe
1899,1378,0.08319054645,50.5538905249918,5.49857671766941,50.5542860094608,5.49898752381617,0.6575177815486,0.5743272350986,2020.73374934427,2020.81693989072,196000000,hCoV-19/Belgium/ULG-10648/2020|EPI_ISL_636626|2020-10-26|Europe
1899,1379,0.08319054645,50.5538905249918,5.49857671766941,50.6465521610864,5.68743130876826,0.6575177815486,0.5743272350986,2020.73374934427,2020.81693989072,196000000,hCoV-19/Belgium/ULG-10633/2020|EPI_ISL_636612|2020-10-26|Europe
1900,1902,0.000314624266700037,50.6026802520659,5.46551262714349,50.602691979328,5.46553229528892,0.599947235099,0.5996326108323,2020.75905472,2020.75936934427,196000000,NA
1900,1901,0.000314624266700037,50.6026802520659,5.46551262714349,50.602691979328,5.46553229528892,0.599947235099,0.5996326108323,2020.75905472,2020.75936934427,196000000,NA
1901,1380,0.07123174863,50.602691979328,5.46553229528892,50.5167201535775,5.1141962437101,0.671178983729,0.599947235099,2020.75936934427,2020.8306010929,196000000,hCoV-19/Belgium/ULG-10770/2020|EPI_ISL_644616|2020-10-31|Europe
1901,1381,0.04937382514,50.602691979328,5.46553229528892,50.6160824341985,5.40462659205762,0.649321060239,0.599947235099,2020.75936934427,2020.80874316941,196000000,hCoV-19/Belgium/ULG-10685/2020|EPI_ISL_636657|2020-10-23|Europe
1902,1903,0.04573757993,50.602691979328,5.46553229528892,50.6018543649936,5.46476165426108,0.645684815029,0.599947235099,2020.75936934427,2020.8051069242,196000000,NA
1902,1382,0.05757054645,50.602691979328,5.46553229528892,50.4552231059993,5.63581014754982,0.657517781549,0.599947235099,2020.75936934427,2020.81693989072,196000000,hCoV-19/Belgium/ULG-10653/2020|EPI_ISL_636630|2020-10-26|Europe
1903,1383,0.02549416871,50.6018543649936,5.46476165426108,50.6219331790465,5.44853645428845,0.671178983739,0.645684815029,2020.8051069242,2020.83060109291,196000000,hCoV-19/Belgium/ULG-10773/2020|EPI_ISL_644619|2020-10-31|Europe
1903,1904,0.000467085562099956,50.6018543649936,5.46476165426108,50.5346708008141,5.4923536135738,0.6461519005911,0.645684815029,2020.8051069242,2020.80557400976,196000000,NA
1904,1384,0.06874293014,50.5346708008141,5.4923536135738,50.3818383668673,5.67471744043151,0.7148948307311,0.6461519005911,2020.80557400976,2020.8743169399,196000000,hCoV-19/Belgium/ULG-10787/2020|EPI_ISL_661222|2020-11-16|Europe
1904,1905,0.000456475691700042,50.5346708008141,5.4923536135738,50.5344513537413,5.49203392229562,0.6466083762828,0.6461519005911,2020.80557400976,2020.80603048545,196000000,NA
1905,1385,0.0109094052699999,50.5344513537413,5.49203392229562,50.5351341842135,5.49288229031616,0.6575177815528,0.6466083762828,2020.80603048545,2020.81693989072,196000000,hCoV-19/Belgium/ULG-10689/2020|EPI_ISL_636661|2020-10-26|Europe
1905,1906,0.000168858817899964,50.5344513537413,5.49203392229562,50.5345003617456,5.49206181258862,0.6467772351007,0.6466083762828,2020.80603048545,2020.80619934427,196000000,NA
1906,1386,0.01074054645,50.5345003617456,5.49206181258862,50.5158253516329,5.14454428378979,0.6575177815507,0.6467772351007,2020.80619934427,2020.81693989072,196000000,hCoV-19/Belgium/ULG-10700/2020|EPI_ISL_636672|2020-10-26|Europe
1906,1387,0.0708498360700001,50.5345003617456,5.49206181258862,50.6901715802088,5.50675501799134,0.7176270711707,0.6467772351007,2020.80619934427,2020.87704918034,196000000,hCoV-19/Belgium/ULG-10817/2020|EPI_ISL_661241|2020-11-17|Europe
1907,1956,0.000140808800500047,50.6031732456285,5.49943147211107,50.6032215546548,5.49947536845997,0.52828843655538,0.52814762775488,2020.68756973692,2020.68771054572,196000000,NA
1907,1908,0.000849607347400028,50.6031732456285,5.49943147211107,50.6031912821415,5.49945589768541,0.52899723510228,0.52814762775488,2020.68756973692,2020.68841934427,196000000,NA
1908,1909,0.01860549549,50.6031912821415,5.49945589768541,50.6032084116613,5.49945768583162,0.54760273059228,0.52899723510228,2020.68841934427,2020.70702483976,196000000,NA
1908,1916,0.00227999999999995,50.6031912821415,5.49945589768541,50.6032610595054,5.49952177359108,0.53127723510228,0.52899723510228,2020.68841934427,2020.69069934427,196000000,NA
1909,1910,0.00830352919400001,50.6032084116613,5.49945768583162,50.6031457068587,5.49911597954461,0.55590625978628,0.54760273059228,2020.70702483976,2020.71532836895,196000000,NA
1909,1914,1.45045101499486e-05,50.6032084116613,5.49945768583162,50.6032051672617,5.49945351673813,0.54761723510243,0.54760273059228,2020.70702483976,2020.70703934427,196000000,NA
1910,1388,0.000518625588900035,50.6031457068587,5.49911597954461,50.6779478355774,5.61837122080126,0.55642488537518,0.55590625978628,2020.71532836895,2020.71584699454,196000000,hCoV-19/Belgium/ULG-10745/2020|EPI_ISL_641587|2020-09-19|Europe
1910,1911,0.00647097531600005,50.6031457068587,5.49911597954461,50.6037281209477,5.49975662424781,0.56237723510228,0.55590625978628,2020.71532836895,2020.72179934427,196000000,NA
1911,1912,0.00175000000000003,50.6037281209477,5.49975662424781,50.5041252198596,5.19524320446147,0.56412723510228,0.56237723510228,2020.72179934427,2020.72354934427,196000000,NA
1911,1913,0.03722,50.6037281209477,5.49975662424781,50.6038569894441,5.49999140621472,0.59959723510228,0.56237723510228,2020.72179934427,2020.75901934427,196000000,NA
1912,1390,0.00322661202200003,50.5041252198596,5.19524320446147,50.543162104081,5.31296388042737,0.56735384712428,0.56412723510228,2020.72354934427,2020.72677595629,196000000,hCoV-19/Belgium/ULG-10483/2020|EPI_ISL_581648|2020-09-23|Europe
1912,1389,0.000494371584800035,50.5041252198596,5.19524320446147,50.5041019391143,5.19523730876181,0.56462160668708,0.56412723510228,2020.72354934427,2020.72404371586,196000000,hCoV-19/Belgium/ULG-10472/2020|EPI_ISL_581578|2020-09-22|Europe
1913,1392,0.04972382514,50.6038569894441,5.49999140621472,50.5583995661127,5.44685038524003,0.64932106024228,0.59959723510228,2020.75901934427,2020.80874316941,196000000,hCoV-19/Belgium/ULG-10593/2020|EPI_ISL_626270|2020-10-23|Europe
1913,1391,0.04972382514,50.6038569894441,5.49999140621472,50.6379216369174,5.6615195987151,0.64932106024228,0.59959723510228,2020.75901934427,2020.80874316941,196000000,hCoV-19/Belgium/ULG-10598/2020|EPI_ISL_626296|2020-10-23|Europe
1914,1915,0.01966202256,50.6032051672617,5.49945351673813,50.5701326232265,5.32162268633094,0.56727925766243,0.54761723510243,2020.70703934427,2020.72670136683,196000000,NA
1914,1393,0.1099005464,50.6032051672617,5.49945351673813,50.6070707081562,5.53608255962017,0.65751778150243,0.54761723510243,2020.70703934427,2020.81693989067,196000000,hCoV-19/Belgium/ULG-10691/2020|EPI_ISL_636663|2020-10-26|Europe
1915,1394,7.45894573800365e-05,50.5701326232265,5.32162268633094,50.5583396472966,5.33133427012197,0.56735384711981,0.56727925766243,2020.72670136683,2020.72677595629,196000000,hCoV-19/Belgium/ULG-10491/2020|EPI_ISL_581582|2020-09-23|Europe
1915,1395,7.45894573800365e-05,50.5701326232265,5.32162268633094,50.5701381230236,5.32162535354766,0.56735384711981,0.56727925766243,2020.72670136683,2020.72677595629,196000000,hCoV-19/Belgium/ULG-10489/2020|EPI_ISL_581652|2020-09-23|Europe
1916,1917,0.00327,50.6032610595054,5.49952177359108,50.60241236429,5.49872181935257,0.53454723510228,0.53127723510228,2020.69069934427,2020.69396934427,196000000,NA
1916,1396,0.1262405464,50.6032610595054,5.49952177359108,50.6717707257741,5.92358487373281,0.65751778150228,0.53127723510228,2020.69069934427,2020.81693989067,196000000,hCoV-19/Belgium/ULG-10663/2020|EPI_ISL_636640|2020-10-26|Europe
1917,1918,0.00258999999999998,50.60241236429,5.49872181935257,50.6022963240175,5.49860760367279,0.53713723510228,0.53454723510228,2020.69396934427,2020.69655934427,196000000,NA
1917,1397,0.1830798361,50.60241236429,5.49872181935257,50.4367675847851,5.53419925933395,0.71762707120228,0.53454723510228,2020.69396934427,2020.87704918037,196000000,hCoV-19/Belgium/ULG-10814/2020|EPI_ISL_661239|2020-11-17|Europe
1918,1926,0.00255000000000005,50.6022963240175,5.49860760367279,50.6004645557472,5.49751156371294,0.53968723510228,0.53713723510228,2020.69655934427,2020.69910934427,196000000,NA
1918,1919,0.08722,50.6022963240175,5.49860760367279,50.6013521711295,5.49768538489296,0.62435723510228,0.53713723510228,2020.69655934427,2020.78377934427,196000000,NA
1919,1398,0.02496382514,50.6013521711295,5.49768538489296,50.2308772068927,5.77616394333604,0.64932106024228,0.62435723510228,2020.78377934427,2020.80874316941,196000000,hCoV-19/Belgium/ULG-10556/2020|EPI_ISL_626273|2020-10-23|Europe
1919,1920,0.0208,50.6013521711295,5.49768538489296,50.6667179202107,5.60455184615366,0.64515723510228,0.62435723510228,2020.78377934427,2020.80457934427,196000000,NA
1920,1923,0.000680000000000014,50.6667179202107,5.60455184615366,50.666695630163,5.60452487052576,0.64583723510228,0.64515723510228,2020.80457934427,2020.80525934427,196000000,NA
1920,1921,0.000689999999999968,50.6667179202107,5.60455184615366,50.5466440017422,5.39623760012872,0.64584723510228,0.64515723510228,2020.80457934427,2020.80526934427,196000000,NA
1921,1399,0.00347382513700001,50.5466440017422,5.39623760012872,50.3860022177094,5.45773275481706,0.64932106023928,0.64584723510228,2020.80526934427,2020.80874316941,196000000,hCoV-19/Belgium/ULG-10573/2020|EPI_ISL_626274|2020-10-23|Europe
1921,1922,7.00000000000145e-05,50.5466440017422,5.39623760012872,50.5465797341479,5.39616390242378,0.64591723510228,0.64584723510228,2020.80526934427,2020.80533934427,196000000,NA
1922,1400,0.00340382513699999,50.5465797341479,5.39616390242378,50.5465584838845,5.39615464419853,0.64932106023928,0.64591723510228,2020.80533934427,2020.80874316941,196000000,hCoV-19/Belgium/ULG-10517/2020|EPI_ISL_626276|2020-10-23|Europe
1922,1401,0.00340382513699999,50.5465797341479,5.39616390242378,49.6715859062305,5.76520316125583,0.64932106023928,0.64591723510228,2020.80533934427,2020.80874316941,196000000,hCoV-19/Belgium/ULG-10553/2020|EPI_ISL_626277|2020-10-23|Europe
1923,1402,0.00348382513699996,50.666695630163,5.60452487052576,50.6930786715917,5.63192670539362,0.64932106023928,0.64583723510228,2020.80525934427,2020.80874316941,196000000,hCoV-19/Belgium/ULG-10516/2020|EPI_ISL_626260|2020-10-23|Europe
1923,1924,7.00000000000145e-05,50.666695630163,5.60452487052576,50.5465797341479,5.39616390242378,0.64590723510228,0.64583723510228,2020.80525934427,2020.80532934427,196000000,NA
1924,1925,9.99999999995449e-06,50.5465797341479,5.39616390242378,50.6670271439868,5.60491256118137,0.64591723510228,0.64590723510228,2020.80532934427,2020.80533934427,196000000,NA
1924,1403,0.00341382513699995,50.5465797341479,5.39616390242378,50.6671600571783,5.60505823427001,0.64932106023928,0.64590723510228,2020.80532934427,2020.80874316941,196000000,hCoV-19/Belgium/ULG-10508/2020|EPI_ISL_626259|2020-10-23|Europe
1925,1404,0.00340382513699999,50.6670271439868,5.60491256118137,50.5049725420701,5.63974107609657,0.64932106023928,0.64591723510228,2020.80533934427,2020.80874316941,196000000,hCoV-19/Belgium/ULG-10568/2020|EPI_ISL_626275|2020-10-23|Europe
1925,1405,0.00340382513699999,50.6670271439868,5.60491256118137,50.5005900620283,5.72775941584397,0.64932106023928,0.64591723510228,2020.80533934427,2020.80874316941,196000000,hCoV-19/Belgium/ULG-10554/2020|EPI_ISL_626272|2020-10-23|Europe
1926,1928,0.00243000000000004,50.6004645557472,5.49751156371294,50.5821036052018,5.50793228223453,0.54211723510228,0.53968723510228,2020.69910934427,2020.70153934427,196000000,NA
1926,1927,0.10644,50.6004645557472,5.49751156371294,50.6009273305096,5.49803886495159,0.64612723510228,0.53968723510228,2020.69910934427,2020.80554934427,196000000,NA
1927,1406,0.07149983607,50.6009273305096,5.49803886495159,50.6007961105305,5.49789786893236,0.71762707117228,0.64612723510228,2020.80554934427,2020.87704918034,196000000,hCoV-19/Belgium/ULG-10813/2020|EPI_ISL_661238|2020-11-17|Europe
1927,1407,0.06876759563,50.6009273305096,5.49803886495159,50.7155182578649,5.39322891841746,0.71489483073228,0.64612723510228,2020.80554934427,2020.8743169399,196000000,hCoV-19/Belgium/ULG-10783/2020|EPI_ISL_661219|2020-11-16|Europe
1928,1408,0.1072038251,50.5821036052018,5.50793228223453,50.6918498449998,5.69897343026611,0.64932106020228,0.54211723510228,2020.70153934427,2020.80874316937,196000000,hCoV-19/Belgium/ULG-10558/2020|EPI_ISL_626283|2020-10-23|Europe
1928,1929,0.00229000000000001,50.5821036052018,5.50793228223453,50.6345270965887,5.60509846236193,0.54440723510228,0.54211723510228,2020.70153934427,2020.70382934427,196000000,NA
1929,1930,0.002645003127,50.6345270965887,5.60509846236193,50.5823183378943,5.50814807112455,0.54705223822928,0.54440723510228,2020.70382934427,2020.7064743474,196000000,NA
1929,1935,0.00239,50.6345270965887,5.60509846236193,50.5820192347655,5.50779291273703,0.54679723510228,0.54440723510228,2020.70382934427,2020.70621934427,196000000,NA
1930,1932,0.00062311725340003,50.5823183378943,5.50814807112455,50.5866860675632,5.62054593338464,0.54767535548268,0.54705223822928,2020.7064743474,2020.70709746465,196000000,NA
1930,1931,0.00027499687260002,50.5823183378943,5.50814807112455,50.5822862772755,5.50811529886829,0.54732723510188,0.54705223822928,2020.7064743474,2020.70674934427,196000000,NA
1931,1409,0.1101905464,50.5822862772755,5.50811529886829,50.5821495137834,5.51419735920691,0.65751778150188,0.54732723510188,2020.70674934427,2020.81693989067,196000000,hCoV-19/Belgium/ULG-10707/2020|EPI_ISL_636679|2020-10-26|Europe
1931,1410,0.1019938251,50.5822862772755,5.50811529886829,50.6640802149655,5.58997457161775,0.64932106020188,0.54732723510188,2020.70674934427,2020.80874316937,196000000,hCoV-19/Belgium/ULG-10514/2020|EPI_ISL_626282|2020-10-23|Europe
1932,1933,0.07134187962,50.5866860675632,5.62054593338464,50.589168277711,5.63195539622417,0.61901723510268,0.54767535548268,2020.70709746465,2020.77843934427,196000000,NA
1932,1934,5.187961916997e-05,50.5866860675632,5.62054593338464,50.5866901496721,5.62055477224753,0.54772723510185,0.54767535548268,2020.70709746465,2020.70714934427,196000000,NA
1933,1411,0.03030382514,50.589168277711,5.63195539622417,50.6424535486661,5.69704675833811,0.64932106024268,0.61901723510268,2020.77843934427,2020.80874316941,196000000,hCoV-19/Belgium/ULG-10564/2020|EPI_ISL_626309|2020-10-23|Europe
1933,1412,0.03030382514,50.589168277711,5.63195539622417,50.5887349822719,5.6313252090197,0.64932106024268,0.61901723510268,2020.77843934427,2020.80874316941,196000000,hCoV-19/Belgium/ULG-10566/2020|EPI_ISL_626308|2020-10-23|Europe
1934,1413,0.1097905464,50.5866901496721,5.62055477224753,50.5155036826168,5.2367709661605,0.65751778150185,0.54772723510185,2020.70714934427,2020.81693989067,196000000,hCoV-19/Belgium/ULG-10658/2020|EPI_ISL_636635|2020-10-26|Europe
1934,1414,0.1015938251,50.5866901496721,5.62055477224753,50.5699769674813,5.63995527026282,0.64932106020185,0.54772723510185,2020.70714934427,2020.80874316937,196000000,hCoV-19/Belgium/ULG-10537/2020|EPI_ISL_626291|2020-10-23|Europe
1935,1936,0.05198212623,50.5820192347655,5.50779291273703,50.6140132239547,5.65871961789199,0.59877936133228,0.54679723510228,2020.70621934427,2020.7582014705,196000000,NA
1935,1939,0.00233000000000005,50.5820192347655,5.50779291273703,50.5820585705301,5.50782420204564,0.54912723510228,0.54679723510228,2020.70621934427,2020.70854934427,196000000,NA
1936,1937,0.000747873771099972,50.6140132239547,5.65871961789199,50.6140119611611,5.65873235111346,0.59952723510338,0.59877936133228,2020.7582014705,2020.75894934427,196000000,NA
1936,1938,0.000807873771100032,50.6140132239547,5.65871961789199,50.6140703037591,5.65878928975522,0.59958723510338,0.59877936133228,2020.7582014705,2020.75900934427,196000000,NA
1937,1416,0.05799054645,50.6140119611611,5.65873235111346,50.4481427290508,5.28182480340424,0.65751778155338,0.59952723510338,2020.75894934427,2020.81693989072,196000000,hCoV-19/Belgium/ULG-10665/2020|EPI_ISL_636641|2020-10-26|Europe
1937,1415,0.06072278689,50.6140119611611,5.65873235111346,50.6138220809216,5.65820538208171,0.66025002199338,0.59952723510338,2020.75894934427,2020.81967213116,196000000,hCoV-19/Belgium/ULG-10640/2020|EPI_ISL_636618|2020-10-27|Europe
1938,1417,0.05793054645,50.6140703037591,5.65878928975522,50.6182107915886,5.6940548624681,0.65751778155338,0.59958723510338,2020.75900934427,2020.81693989072,196000000,hCoV-19/Belgium/ULG-10626/2020|EPI_ISL_636605|2020-10-26|Europe
1938,1418,0.05793054645,50.6140703037591,5.65878928975522,50.6342398030323,5.5788103955814,0.65751778155338,0.59958723510338,2020.75900934427,2020.81693989072,196000000,hCoV-19/Belgium/ULG-10688/2020|EPI_ISL_636660|2020-10-26|Europe
1939,1942,0.00139170445100001,50.5820585705301,5.50782420204564,50.5821038401049,5.50786935574554,0.55051893955328,0.54912723510228,2020.70854934427,2020.70994104872,196000000,NA
1939,1940,7.00000000000145e-05,50.5820585705301,5.50782420204564,50.5465797341479,5.39616390242378,0.54919723510228,0.54912723510228,2020.70854934427,2020.70861934427,196000000,NA
1940,1941,0.0970300000000001,50.5465797341479,5.39616390242378,50.4662643963236,5.43030945741424,0.64622723510228,0.54919723510228,2020.70861934427,2020.80564934427,196000000,NA
1940,1419,0.1083205464,50.5465797341479,5.39616390242378,50.5894641842229,5.43445593707657,0.65751778150228,0.54919723510228,2020.70861934427,2020.81693989067,196000000,hCoV-19/Belgium/ULG-10696/2020|EPI_ISL_636668|2020-10-26|Europe
1941,1421,0.00309382513699996,50.4662643963236,5.43030945741424,50.4662392028228,5.43032502473623,0.64932106023928,0.64622723510228,2020.80564934427,2020.80874316941,196000000,hCoV-19/Belgium/ULG-10529/2020|EPI_ISL_626300|2020-10-23|Europe
1941,1420,0.02495174863,50.4662643963236,5.43030945741424,50.6217108611399,5.65334075323635,0.67117898373228,0.64622723510228,2020.80564934427,2020.8306010929,196000000,hCoV-19/Belgium/ULG-10767/2020|EPI_ISL_644613|2020-10-31|Europe
1942,1943,0.000938295549499979,50.5821038401049,5.50786935574554,50.5820691424783,5.50784965016351,0.55145723510278,0.55051893955328,2020.70994104872,2020.71087934427,196000000,NA
1942,1422,0.1206600442,50.5821038401049,5.50786935574554,50.5355712655627,5.31407518191432,0.67117898375328,0.55051893955328,2020.70994104872,2020.83060109292,196000000,hCoV-19/Belgium/ULG-10779/2020|EPI_ISL_644625|2020-10-31|Europe
1943,1944,0.00312999999999997,50.5820691424783,5.50784965016351,50.6344553382668,5.56810295869339,0.55458723510278,0.55145723510278,2020.71087934427,2020.71400934427,196000000,NA
1943,1423,0.00223540983600001,50.5820691424783,5.50784965016351,50.5263654892215,5.41460682039749,0.55369264493878,0.55145723510278,2020.71087934427,2020.71311475411,196000000,hCoV-19/Belgium/ULG-10731/2020|EPI_ISL_641573|2020-09-18|Europe
1944,1945,0.00396722941500005,50.6344553382668,5.56810295869339,50.6345656041169,5.56823847235874,0.55855446451778,0.55458723510278,2020.71400934427,2020.71797657369,196000000,NA
1944,1948,0.00780000000000003,50.6344553382668,5.56810295869339,50.634177197155,5.56777205951146,0.56238723510278,0.55458723510278,2020.71400934427,2020.72180934427,196000000,NA
1945,1424,0.000602661294999973,50.6345656041169,5.56823847235874,50.5957514844159,5.3432905160418,0.55915712581278,0.55855446451778,2020.71797657369,2020.71857923498,196000000,hCoV-19/Belgium/ULG-10760/2020|EPI_ISL_641602|2020-09-20|Europe
1945,1946,0.00322277058499998,50.6345656041169,5.56823847235874,50.6347244052039,5.5683689999284,0.56177723510278,0.55855446451778,2020.71797657369,2020.72119934427,196000000,NA
1946,1425,0.00284437158499995,50.6347244052039,5.5683689999284,50.6353263332999,5.56880652750774,0.56462160668778,0.56177723510278,2020.72119934427,2020.72404371586,196000000,hCoV-19/Belgium/ULG-10474/2020|EPI_ISL_581643|2020-09-22|Europe
1946,1947,0.0850299999999999,50.6347244052039,5.5683689999284,50.4944252295533,5.73608098487111,0.64680723510278,0.56177723510278,2020.72119934427,2020.80622934427,196000000,NA
1947,1427,0.06808759563,50.4944252295533,5.73608098487111,50.4201201724153,5.69622296741288,0.71489483073278,0.64680723510278,2020.80622934427,2020.8743169399,196000000,hCoV-19/Belgium/ULG-10781/2020|EPI_ISL_661218|2020-11-16|Europe
1947,1426,0.06808759563,50.4944252295533,5.73608098487111,50.4957192478527,5.73574733651057,0.71489483073278,0.64680723510278,2020.80622934427,2020.8743169399,196000000,hCoV-19/Belgium/ULG-10790/2020|EPI_ISL_661225|2020-11-16|Europe
1948,1949,0.00175000000000003,50.634177197155,5.56777205951146,50.5041252198596,5.19524320446147,0.56413723510278,0.56238723510278,2020.72180934427,2020.72355934427,196000000,NA
1948,1950,0.00341000000000002,50.634177197155,5.56777205951146,50.6341172060921,5.56771637655682,0.56579723510278,0.56238723510278,2020.72180934427,2020.72521934427,196000000,NA
1949,1429,0.00321661202199996,50.5041252198596,5.19524320446147,50.4777838226296,5.57038683902435,0.56735384712478,0.56413723510278,2020.72355934427,2020.72677595629,196000000,hCoV-19/Belgium/ULG-10476/2020|EPI_ISL_581645|2020-09-23|Europe
1949,1428,0.00048437158479997,50.5041252198596,5.19524320446147,50.639758072339,5.63110684815471,0.56462160668758,0.56413723510278,2020.72355934427,2020.72404371586,196000000,hCoV-19/Belgium/ULG-10475/2020|EPI_ISL_581644|2020-09-22|Europe
1950,1430,0.00155661202199997,50.6341172060921,5.56771637655682,50.5457841133508,5.46900097373451,0.56735384712478,0.56579723510278,2020.72521934427,2020.72677595629,196000000,hCoV-19/Belgium/ULG-10497/2020|EPI_ISL_581659|2020-09-23|Europe
1950,1951,0.00624999999999998,50.6341172060921,5.56771637655682,50.6328532732784,5.56645259712211,0.57204723510278,0.56579723510278,2020.72521934427,2020.73146934427,196000000,NA
1951,1431,0.000771092896100001,50.6328532732784,5.56645259712211,50.7123208477937,5.61474349011932,0.57281832799888,0.57204723510278,2020.73146934427,2020.73224043717,196000000,hCoV-19/Belgium/ULG-10504/2020|EPI_ISL_581666|2020-09-25|Europe
1951,1952,0.06879,50.6328532732784,5.56645259712211,50.6307161157631,5.56424157698529,0.64083723510278,0.57204723510278,2020.73146934427,2020.80025934427,196000000,NA
1952,1432,0.03580622951,50.6307161157631,5.56424157698529,50.6302314465043,5.56287684677226,0.67664346461278,0.64083723510278,2020.80025934427,2020.83606557378,196000000,hCoV-19/Belgium/ULG-10769/2020|EPI_ISL_644615|2020-11-02|Europe
1952,1953,0.00209999999999999,50.6307161157631,5.56424157698529,50.6309561654507,5.56477064124046,0.64293723510278,0.64083723510278,2020.80025934427,2020.80235934427,196000000,NA
1953,1433,0.00638382513699998,50.6309561654507,5.56477064124046,50.6075620763153,5.83235305461489,0.64932106023978,0.64293723510278,2020.80235934427,2020.80874316941,196000000,hCoV-19/Belgium/ULG-10539/2020|EPI_ISL_626265|2020-10-23|Europe
1953,1954,0.00212999999999997,50.6309561654507,5.56477064124046,50.6210694812764,5.58271526898828,0.64506723510278,0.64293723510278,2020.80235934427,2020.80448934427,196000000,NA
1954,1955,0.00190000000000001,50.6210694812764,5.58271526898828,50.3398667476618,3.69932283925744,0.64696723510278,0.64506723510278,2020.80448934427,2020.80638934427,196000000,NA
1954,1434,0.00425382513700001,50.6210694812764,5.58271526898828,50.6209906857867,5.5826896534023,0.64932106023978,0.64506723510278,2020.80448934427,2020.80874316941,196000000,hCoV-19/Belgium/ULG-10530/2020|EPI_ISL_626322|2020-10-23|Europe
1955,1435,0.01055054645,50.3398667476618,3.69932283925744,50.6593619276586,5.6486922087977,0.65751778155278,0.64696723510278,2020.80638934427,2020.81693989072,196000000,hCoV-19/Belgium/ULG-10630/2020|EPI_ISL_636609|2020-10-26|Europe
1955,1436,0.002353825137,50.3398667476618,3.69932283925744,50.5961319347789,5.56452548739081,0.64932106023978,0.64696723510278,2020.80638934427,2020.80874316941,196000000,hCoV-19/Belgium/ULG-10582/2020|EPI_ISL_626264|2020-10-23|Europe
1956,1957,0.00070879854689998,50.6032215546548,5.49947536845997,50.6031030584835,5.49933574277715,0.52899723510228,0.52828843655538,2020.68771054572,2020.68841934427,196000000,NA
1956,1958,0.00070879854689998,50.6032215546548,5.49947536845997,50.6031030584835,5.49933574277715,0.52899723510228,0.52828843655538,2020.68771054572,2020.68841934427,196000000,NA
1957,1438,0.1886298361,50.6031030584835,5.49933574277715,50.5085222137327,5.2215643589394,0.71762707120228,0.52899723510228,2020.68841934427,2020.87704918037,196000000,hCoV-19/Belgium/ULG-10812/2020|EPI_ISL_661237|2020-11-17|Europe
1957,1437,0.1203238251,50.6031030584835,5.49933574277715,50.612738844774,5.64509658361433,0.64932106020228,0.52899723510228,2020.68841934427,2020.80874316937,196000000,hCoV-19/Belgium/ULG-10589/2020|EPI_ISL_626295|2020-10-23|Europe
1958,1439,0.03015989071,50.6031030584835,5.49933574277715,50.5401873297938,5.33862042900267,0.55915712581228,0.52899723510228,2020.68841934427,2020.71857923498,196000000,hCoV-19/Belgium/ULG-10759/2020|EPI_ISL_641601|2020-09-20|Europe
1958,1440,0.1886298361,50.6031030584835,5.49933574277715,50.604016176696,5.62726191316655,0.71762707120228,0.52899723510228,2020.68841934427,2020.87704918037,196000000,hCoV-19/Belgium/ULG-10816/2020|EPI_ISL_661240|2020-11-17|Europe
1959,1960,0.02403,50.6024382288564,5.49856675075116,50.6067240705087,5.50997450273109,0.5342272351022,0.5101972351022,2020.66961934427,2020.69364934427,196000000,NA
1959,1965,0.02346584838,50.6024382288564,5.49856675075116,50.6136511670074,5.63013543162224,0.5336630834822,0.5101972351022,2020.66961934427,2020.69308519265,196000000,NA
1960,1961,0.0361900000000001,50.6067240705087,5.50997450273109,50.6070136567069,5.51032740415351,0.5704172351022,0.5342272351022,2020.69364934427,2020.72983934427,196000000,NA
1960,1441,0.1150938251,50.6067240705087,5.50997450273109,50.6276706634644,5.62526884813351,0.6493210602022,0.5342272351022,2020.69364934427,2020.80874316937,196000000,hCoV-19/Belgium/ULG-10587/2020|EPI_ISL_626302|2020-10-23|Europe
1961,1442,0.08710054645,50.6070136567069,5.51032740415351,50.5691396954383,5.7456131478458,0.6575177815522,0.5704172351022,2020.72983934427,2020.81693989072,196000000,hCoV-19/Belgium/ULG-10635/2020|EPI_ISL_636613|2020-10-26|Europe
1961,1962,0.0539499999999999,50.6070136567069,5.51032740415351,50.6085852994989,5.51147856826407,0.6243672351022,0.5704172351022,2020.72983934427,2020.78378934427,196000000,NA
1962,1963,0.02289,50.6085852994989,5.51147856826407,50.608744002011,5.51169924787923,0.6472572351022,0.6243672351022,2020.78378934427,2020.80667934427,196000000,NA
1962,1443,0.02495382514,50.6085852994989,5.51147856826407,50.6848161482307,5.28707587183834,0.6493210602422,0.6243672351022,2020.78378934427,2020.80874316941,196000000,hCoV-19/Belgium/ULG-10527/2020|EPI_ISL_626321|2020-10-23|Europe
1963,1444,0.06763759563,50.608744002011,5.51169924787923,50.6077457173398,5.51081712675703,0.7148948307322,0.6472572351022,2020.80667934427,2020.8743169399,196000000,hCoV-19/Belgium/ULG-10784/2020|EPI_ISL_661220|2020-11-16|Europe
1963,1964,0.00051000000000001,50.608744002011,5.51169924787923,50.6087152241494,5.51167268024124,0.6477672351022,0.6472572351022,2020.80667934427,2020.80718934427,196000000,NA
1964,1445,0.06985983607,50.6087152241494,5.51167268024124,50.6160290929667,5.48842459230435,0.7176270711722,0.6477672351022,2020.80718934427,2020.87704918034,196000000,hCoV-19/Belgium/ULG-10807/2020|EPI_ISL_661234|2020-11-17|Europe
1964,1446,0.0725920765,50.6087152241494,5.51167268024124,50.6997805066506,5.75266319824651,0.7203593116022,0.6477672351022,2020.80718934427,2020.87978142077,196000000,hCoV-19/Belgium/ULG-10819/2020|EPI_ISL_661242|2020-11-18|Europe
1965,1966,0.000904151622600047,50.6136511670074,5.63013543162224,50.6136580429056,5.63013163828537,0.5345672351048,0.5336630834822,2020.69308519265,2020.69398934427,196000000,NA
1965,1967,0.000904151622600047,50.6136511670074,5.63013543162224,50.6136580429056,5.63013163828537,0.5345672351048,0.5336630834822,2020.69308519265,2020.69398934427,196000000,NA
1966,1447,0.03278661202,50.6136580429056,5.63013163828537,50.6464611946238,5.59869572093837,0.5673538471248,0.5345672351048,2020.69398934427,2020.72677595629,196000000,hCoV-19/Belgium/ULG-10500/2020|EPI_ISL_581662|2020-09-23|Europe
1966,1448,0.1830598361,50.6136580429056,5.63013163828537,50.4099516890316,4.01626160173898,0.7176270712048,0.5345672351048,2020.69398934427,2020.87704918037,196000000,hCoV-19/Belgium/ULG-10808/2020|EPI_ISL_661235|2020-11-17|Europe
1967,1968,0.0188293267,50.6136580429056,5.63013163828537,50.6122306716227,5.62984965823859,0.5533965618048,0.5345672351048,2020.69398934427,2020.71281867097,196000000,NA
1967,1970,0.00573000000000001,50.6136580429056,5.63013163828537,50.5930671921573,5.59343176002878,0.5402972351048,0.5345672351048,2020.69398934427,2020.69971934427,196000000,NA
1968,1969,0.000310673300999986,50.6122306716227,5.62984965823859,50.6121973499261,5.62980566520509,0.5537072351058,0.5533965618048,2020.71281867097,2020.71312934427,196000000,NA
1968,1449,0.000296083137000025,50.6122306716227,5.62984965823859,50.6543348581488,5.63897451611862,0.5536926449418,0.5533965618048,2020.71281867097,2020.71311475411,196000000,hCoV-19/Belgium/ULG-10739/2020|EPI_ISL_641581|2020-09-18|Europe
1969,1451,0.1639198361,50.6121973499261,5.62980566520509,50.6124678729653,5.64185399780554,0.7176270712058,0.5537072351058,2020.71312934427,2020.87704918037,196000000,hCoV-19/Belgium/ULG-10801/2020|EPI_ISL_661231|2020-11-17|Europe
1969,1450,0.1038105464,50.6121973499261,5.62980566520509,50.5084004064937,5.45622742207624,0.6575177815058,0.5537072351058,2020.71312934427,2020.81693989067,196000000,hCoV-19/Belgium/ULG-10699/2020|EPI_ISL_636671|2020-10-26|Europe
1970,1452,0.00246644808800001,50.5930671921573,5.59343176002878,50.4868743412912,5.35708137062963,0.5427636831928,0.5402972351048,2020.69971934427,2020.70218579236,196000000,hCoV-19/Belgium/ULG-10720/2020|EPI_ISL_641562|2020-09-14|Europe
1970,1971,0.00217000000000001,50.5930671921573,5.59343176002878,50.5930720227956,5.59342297262406,0.5424672351048,0.5402972351048,2020.69971934427,2020.70188934427,196000000,NA
1971,1972,0.00238000000000005,50.5930720227956,5.59342297262406,50.5339382683095,5.57750778381808,0.5448472351048,0.5424672351048,2020.70188934427,2020.70426934427,196000000,NA
1971,1453,0.000296448087499956,50.5930720227956,5.59342297262406,50.5933486023387,5.5931656855027,0.5427636831923,0.5424672351048,2020.70188934427,2020.70218579236,196000000,hCoV-19/Belgium/ULG-10719/2020|EPI_ISL_641561|2020-09-14|Europe
1972,1974,0.00241999999999998,50.5339382683095,5.57750778381808,50.533911113131,5.57749920205504,0.5472672351048,0.5448472351048,2020.70426934427,2020.70668934427,196000000,NA
1972,1973,0.10109,50.5339382683095,5.57750778381808,50.5344241838892,5.57793701884796,0.6459372351048,0.5448472351048,2020.70426934427,2020.80535934427,196000000,NA
1973,1455,0.00338382513699997,50.5344241838892,5.57793701884796,50.4703163651309,5.38294749997252,0.6493210602418,0.6459372351048,2020.80535934427,2020.80874316941,196000000,hCoV-19/Belgium/ULG-10549/2020|EPI_ISL_626278|2020-10-23|Europe
1973,1454,0.00338382513699997,50.5344241838892,5.57793701884796,50.5346490487757,5.57802225610454,0.6493210602418,0.6459372351048,2020.80535934427,2020.80874316941,196000000,hCoV-19/Belgium/ULG-10510/2020|EPI_ISL_626271|2020-10-23|Europe
1974,1975,0.03367505671,50.533911113131,5.57749920205504,50.5338286666687,5.57758331122618,0.5809422918148,0.5472672351048,2020.70668934427,2020.74036440098,196000000,NA
1974,1981,0.001479543079,50.533911113131,5.57749920205504,50.6249962020475,5.72324420471112,0.5487467781838,0.5472672351048,2020.70668934427,2020.70816888735,196000000,NA
1975,1977,1.49432873699507e-05,50.5338286666687,5.57758331122618,50.5338227785087,5.57757522407268,0.58095723510217,0.5809422918148,2020.74036440098,2020.74037934427,196000000,NA
1975,1976,1.49432873699507e-05,50.5338286666687,5.57758331122618,50.5338227785087,5.57757522407268,0.58095723510217,0.5809422918148,2020.74036440098,2020.74037934427,196000000,NA
1976,1457,0.0683638251400001,50.5338227785087,5.57757522407268,50.6887596965773,5.53095948941985,0.64932106024217,0.58095723510217,2020.74037934427,2020.80874316941,196000000,hCoV-19/Belgium/ULG-10580/2020|EPI_ISL_626255|2020-10-23|Europe
1976,1456,0.07656054645,50.5338227785087,5.57757522407268,50.43027174883,5.55461101483845,0.65751778155217,0.58095723510217,2020.74037934427,2020.81693989072,196000000,hCoV-19/Belgium/ULG-10655/2020|EPI_ISL_636632|2020-10-26|Europe
1977,1979,0.04353,50.5338227785087,5.57757522407268,50.5346924052854,5.57822691598566,0.62448723510217,0.58095723510217,2020.74037934427,2020.78390934427,196000000,NA
1977,1978,0.06636,50.5338227785087,5.57757522407268,50.5613911851375,5.40192771757396,0.64731723510217,0.58095723510217,2020.74037934427,2020.80673934427,196000000,NA
1978,1459,0.01020054645,50.5613911851375,5.40192771757396,50.5617251592854,5.40219705332138,0.65751778155217,0.64731723510217,2020.80673934427,2020.81693989072,196000000,hCoV-19/Belgium/ULG-10666/2020|EPI_ISL_636642|2020-10-26|Europe
1978,1458,0.01020054645,50.5613911851375,5.40192771757396,50.5577745000401,5.30313038526478,0.65751778155217,0.64731723510217,2020.80673934427,2020.81693989072,196000000,hCoV-19/Belgium/ULG-10667/2020|EPI_ISL_636643|2020-10-26|Europe
1979,1980,0.0219200000000001,50.5346924052854,5.57822691598566,50.6737906043722,5.66022330364053,0.64640723510217,0.62448723510217,2020.78390934427,2020.80582934427,196000000,NA
1979,1460,0.03576278689,50.5346924052854,5.57822691598566,50.5122878213215,5.56020476819084,0.66025002199217,0.62448723510217,2020.78390934427,2020.81967213116,196000000,hCoV-19/Belgium/ULG-10627/2020|EPI_ISL_636606|2020-10-27|Europe
1980,1461,0.01111054645,50.6737906043722,5.66022330364053,50.6158966556152,5.3857621008098,0.65751778155217,0.64640723510217,2020.80582934427,2020.81693989072,196000000,hCoV-19/Belgium/ULG-10650/2020|EPI_ISL_636628|2020-10-26|Europe
1980,1462,0.07121983607,50.6737906043722,5.66022330364053,50.6764854954827,5.66281088139094,0.71762707117217,0.64640723510217,2020.80582934427,2020.87704918034,196000000,hCoV-19/Belgium/ULG-10800/2020|EPI_ISL_661230|2020-11-17|Europe
1981,1982,0.05065045692,50.6249962020475,5.72324420471112,50.6235474070311,5.72016231526656,0.5993972351038,0.5487467781838,2020.70816888735,2020.75881934427,196000000,NA
1981,1986,0.000285002361400055,50.6249962020475,5.72324420471112,50.625093176057,5.72306611030934,0.5490317805452,0.5487467781838,2020.70816888735,2020.70845388971,196000000,NA
1982,1983,0.00290000000000001,50.6235474070311,5.72016231526656,50.6235677135369,5.72020559910669,0.6022972351038,0.5993972351038,2020.75881934427,2020.76171934427,196000000,NA
1982,1463,0.04992382514,50.6235474070311,5.72016231526656,50.6449793187666,5.89491260907516,0.6493210602438,0.5993972351038,2020.75881934427,2020.80874316941,196000000,hCoV-19/Belgium/ULG-10545/2020|EPI_ISL_626306|2020-10-23|Europe
1983,1984,0.04501,50.6235677135369,5.72020559910669,50.6204252995746,5.7161335157074,0.6473072351038,0.6022972351038,2020.76171934427,2020.80672934427,196000000,NA
1983,1985,0.04569,50.6235677135369,5.72020559910669,50.5657890899359,5.74592761220681,0.6479872351038,0.6022972351038,2020.76171934427,2020.80740934427,196000000,NA
1984,1465,0.01021054645,50.6204252995746,5.7161335157074,50.620285785712,5.716030724286,0.6575177815538,0.6473072351038,2020.80672934427,2020.81693989072,196000000,hCoV-19/Belgium/ULG-10629/2020|EPI_ISL_636608|2020-10-26|Europe
1984,1464,0.00201382513699999,50.6204252995746,5.7161335157074,50.5892823515429,5.62700456996928,0.6493210602408,0.6473072351038,2020.80672934427,2020.80874316941,196000000,hCoV-19/Belgium/ULG-10506/2020|EPI_ISL_626297|2020-10-23|Europe
1985,1467,0.00679830601099995,50.5657890899359,5.74592761220681,50.5653011522031,5.74542649230729,0.6547855411148,0.6479872351038,2020.80740934427,2020.81420765028,196000000,hCoV-19/Belgium/ULG-10639/2020|EPI_ISL_636617|2020-10-25|Europe
1985,1466,0.02319174863,50.5657890899359,5.74592761220681,50.5771956401728,5.66276722220382,0.6711789837338,0.6479872351038,2020.80740934427,2020.8306010929,196000000,hCoV-19/Belgium/ULG-10765/2020|EPI_ISL_644611|2020-10-31|Europe
1986,1992,0.000805454559499985,50.625093176057,5.72306611030934,50.6251171659026,5.72307817124567,0.5498372351047,0.5490317805452,2020.70845388971,2020.70925934427,196000000,NA
1986,1987,0.00223545455899998,50.625093176057,5.72306611030934,50.6297226750484,5.61836961055045,0.5512672351042,0.5490317805452,2020.70845388971,2020.71068934427,196000000,NA
1987,1468,0.0980538251399999,50.6297226750484,5.61836961055045,50.6419958702203,5.66261310808719,0.6493210602442,0.5512672351042,2020.71068934427,2020.80874316941,196000000,hCoV-19/Belgium/ULG-10555/2020|EPI_ISL_626317|2020-10-23|Europe
1987,1988,0.00511845540300004,50.6297226750484,5.61836961055045,50.6301608702618,5.61884326261781,0.5563856905072,0.5512672351042,2020.71068934427,2020.71580779968,196000000,NA
1988,1989,0.00873154459699998,50.6301608702618,5.61884326261781,50.6301571580118,5.61868221221884,0.5651172351042,0.5563856905072,2020.71580779968,2020.72453934427,196000000,NA
1988,1469,3.91948702199718e-05,50.6301608702618,5.61884326261781,50.6301836946592,5.61887144737416,0.55642488537742,0.5563856905072,2020.71580779968,2020.71584699455,196000000,hCoV-19/Belgium/ULG-10764/2020|EPI_ISL_641606|2020-09-19|Europe
1989,1990,0.00124999999999997,50.6301571580118,5.61868221221884,50.6214800003519,5.54933311299865,0.5663672351042,0.5651172351042,2020.72453934427,2020.72578934427,196000000,NA
1989,1470,0.00223661202199998,50.6301571580118,5.61868221221884,50.6473720888476,5.47723980928097,0.5673538471262,0.5651172351042,2020.72453934427,2020.72677595629,196000000,hCoV-19/Belgium/ULG-10499/2020|EPI_ISL_581661|2020-09-23|Europe
1990,1471,0.00098661202189998,50.6214800003519,5.54933311299865,50.6214699448646,5.54929542183494,0.5673538471261,0.5663672351042,2020.72578934427,2020.72677595629,196000000,hCoV-19/Belgium/ULG-10498/2020|EPI_ISL_581660|2020-09-23|Europe
1990,1991,0.08003,50.6214800003519,5.54933311299865,50.5831934862974,5.30343051385982,0.6463972351042,0.5663672351042,2020.72578934427,2020.80581934427,196000000,NA
1991,1473,0.07122983607,50.5831934862974,5.30343051385982,50.7108969923918,5.27360203799925,0.7176270711742,0.6463972351042,2020.80581934427,2020.87704918034,196000000,hCoV-19/Belgium/ULG-10803/2020|EPI_ISL_661232|2020-11-17|Europe
1991,1472,0.00292382513699996,50.5831934862974,5.30343051385982,50.5860904587872,5.28811562458658,0.6493210602412,0.6463972351042,2020.80581934427,2020.80874316941,196000000,hCoV-19/Belgium/ULG-10599/2020|EPI_ISL_626292|2020-10-23|Europe
1992,1993,0.0742759079,50.6251171659026,5.72307817124567,50.542919081943,5.75123721855198,0.6241131430047,0.5498372351047,2020.70925934427,2020.78353525217,196000000,NA
1992,1474,0.1076805464,50.6251171659026,5.72307817124567,50.5896164526452,5.8018907364936,0.6575177815047,0.5498372351047,2020.70925934427,2020.81693989067,196000000,hCoV-19/Belgium/ULG-10694/2020|EPI_ISL_636666|2020-10-26|Europe
1993,1997,0.000554092101100023,50.542919081943,5.75123721855198,50.5429691104123,5.75129752936341,0.6246672351058,0.6241131430047,2020.78353525217,2020.78408934427,196000000,NA
1993,1994,0.0210940921,50.542919081943,5.75123721855198,50.5428094834531,5.75109259630286,0.6452072351047,0.6241131430047,2020.78353525217,2020.80462934427,196000000,NA
1994,1475,0.00411382513699998,50.5428094834531,5.75109259630286,50.7285875666097,5.71814511667056,0.6493210602417,0.6452072351047,2020.80462934427,2020.80874316941,196000000,hCoV-19/Belgium/ULG-10544/2020|EPI_ISL_626303|2020-10-23|Europe
1994,1995,0.000720000000000054,50.5428094834531,5.75109259630286,50.4598397717279,5.72269031789184,0.6459272351047,0.6452072351047,2020.80462934427,2020.80534934427,196000000,NA
1995,1476,0.00339382513700004,50.4598397717279,5.72269031789184,50.427674669774,5.66871895544039,0.6493210602417,0.6459272351047,2020.80534934427,2020.80874316941,196000000,hCoV-19/Belgium/ULG-10531/2020|EPI_ISL_626315|2020-10-23|Europe
1995,1996,0.000940000000000052,50.4598397717279,5.72269031789184,50.4599272790179,5.72276053107387,0.6468672351047,0.6459272351047,2020.80534934427,2020.80628934427,196000000,NA
1996,1478,0.01065054645,50.4599272790179,5.72276053107387,50.460027592839,5.72277597810823,0.6575177815547,0.6468672351047,2020.80628934427,2020.81693989072,196000000,hCoV-19/Belgium/ULG-10644/2020|EPI_ISL_636622|2020-10-26|Europe
1996,1477,0.01065054645,50.4599272790179,5.72276053107387,50.4920635983507,5.32055062732943,0.6575177815547,0.6468672351047,2020.80628934427,2020.81693989072,196000000,hCoV-19/Belgium/ULG-10661/2020|EPI_ISL_636638|2020-10-26|Europe
1997,1479,0.03285054645,50.5429691104123,5.75129752936341,50.6532689434385,5.11323045505117,0.6575177815558,0.6246672351058,2020.78408934427,2020.81693989072,196000000,hCoV-19/Belgium/ULG-10657/2020|EPI_ISL_636634|2020-10-26|Europe
1997,1480,0.03285054645,50.5429691104123,5.75129752936341,50.5429870599437,5.75137507148597,0.6575177815558,0.6246672351058,2020.78408934427,2020.81693989072,196000000,hCoV-19/Belgium/ULG-10662/2020|EPI_ISL_636639|2020-10-26|Europe
1998,1481,0.06572404372,50.6015432631296,5.4943156012629,50.5997519111163,5.49176602717126,0.5154412788161,0.4497172350961,2020.60913934426,2020.67486338798,196000000,hCoV-19/Belgium/ULG-10606/2020|EPI_ISL_626251|2020-09-04|Europe
2004,2001,9.89071027300038e-06,50.6088790704369,5.35720115605281,50.6076705170453,5.35591406680263,9.89071027300038e-06,0,2020.71856934426,2020.71857923497,196000000,hCoV-19/Belgium/ULG-10757/2020|EPI_ISL_641599|2020-09-20|Europe
2004,2005,0.00479,50.6088790704369,5.35720115605281,50.4845416139064,5.28476644198046,0.00479,0,2020.71856934426,2020.72335934426,196000000,NA
2005,2002,0.003416612022,50.4845416139064,5.28476644198046,50.5033632523442,4.98780884808415,0.008206612022,0.00479,2020.72335934426,2020.72677595628,196000000,hCoV-19/Belgium/ULG-10484/2020|EPI_ISL_581649|2020-09-23|Europe
2005,2003,0.0006843715848,50.4845416139064,5.28476644198046,50.4854070754787,5.28519022806974,0.0054743715848,0.00479,2020.72335934426,2020.72404371584,196000000,hCoV-19/Belgium/ULG-10473/2020|EPI_ISL_581642|2020-09-22|Europe
2219,2216,0.04766382514,50.5210397728293,5.49955015445363,50.524263224536,5.50080153709102,0.04766382514,0,2020.76107934426,2020.8087431694,196000000,hCoV-19/Belgium/ULG-10596/2020|EPI_ISL_626289|2020-10-23|Europe
2219,2220,0.04512,50.5210397728293,5.49955015445363,50.455132612238,5.69205146759771,0.04512,0,2020.76107934426,2020.80619934426,196000000,NA
2220,2217,0.00254382513700001,50.455132612238,5.69205146759771,50.4622979856593,5.70300050523592,0.047663825137,0.04512,2020.80619934426,2020.8087431694,196000000,hCoV-19/Belgium/ULG-10521/2020|EPI_ISL_626279|2020-10-23|Europe
2220,2218,0.06811759563,50.455132612238,5.69205146759771,50.6105001403627,5.73254079788802,0.11323759563,0.04512,2020.80619934426,2020.87431693989,196000000,hCoV-19/Belgium/ULG-10820/2020|EPI_ISL_661243|2020-11-16|Europe
2225,2221,0.01669437158,50.8569039570887,4.63437225157696,50.8588252220436,4.63034729367495,0.01669437158,0,2020.70734934427,2020.72404371585,196000000,SARS2-CoV/Belgium/Human/rega-09221022
2225,2226,0.01426,50.8569039570887,4.63437225157696,50.8504598947793,4.6606148734731,0.01426,0,2020.70734934427,2020.72160934427,196000000,NA
2226,2222,0.002434371585,50.8504598947793,4.6606148734731,50.9984164836114,4.84877946250551,0.016694371585,0.01426,2020.72160934427,2020.72404371585,196000000,SARS2-CoV/Belgium/Human/rega-09221064
2226,2227,0.00242,50.8504598947793,4.6606148734731,50.8485308230588,4.66010796138974,0.01668,0.01426,2020.72160934427,2020.72402934427,196000000,NA
2227,2223,1.4371584750001e-05,50.8485308230588,4.66010796138974,50.8488058793036,4.66036783385398,0.01669437158475,0.01668,2020.72402934427,2020.72404371585,196000000,SARS2-CoV/Belgium/Human/rega-09221012
2227,2224,1.4371584750001e-05,50.8485308230588,4.66010796138974,50.9393688037685,4.79787094778263,0.01669437158475,0.01668,2020.72402934427,2020.72404371585,196000000,SARS2-CoV/Belgium/Human/rega-09221015
2242,2243,3.45893671499994e-05,50.5184974523326,5.27715619914177,50.5184266121437,5.27710383421761,3.45893671499994e-05,0,2020.68797475489,2020.68800934426,196000000,NA
2242,2244,3.45893671499994e-05,50.5184974523326,5.27715619914177,50.5184266121437,5.27710383421761,3.45893671499994e-05,0,2020.68797475489,2020.68800934426,196000000,NA
2243,2228,0.03056989071,50.5184266121437,5.27710383421761,50.5446607501703,5.22628952829939,0.03060448007715,3.45893671499994e-05,2020.68800934426,2020.71857923497,196000000,hCoV-19/Belgium/ULG-10756/2020|EPI_ISL_641598|2020-09-20|Europe
2243,2229,0.02510540984,50.5184266121437,5.27710383421761,50.4830203866008,5.22816346137981,0.02513999920715,3.45893671499994e-05,2020.68800934426,2020.7131147541,196000000,hCoV-19/Belgium/ULG-10734/2020|EPI_ISL_641576|2020-09-18|Europe
2244,2230,0.02510540984,50.5184266121437,5.27710383421761,50.511308787617,5.31084823681542,0.02513999920715,3.45893671499994e-05,2020.68800934426,2020.7131147541,196000000,hCoV-19/Belgium/ULG-10733/2020|EPI_ISL_641575|2020-09-18|Europe
2244,2245,0.00857,50.5184266121437,5.27710383421761,50.5080339366843,5.28407985604854,0.00860458936715,3.45893671499994e-05,2020.68800934426,2020.69657934426,196000000,NA
2245,2231,0.03019661202,50.5080339366843,5.28407985604854,50.5062929594144,5.27877983682552,0.03880120138715,0.00860458936715,2020.69657934426,2020.72677595628,196000000,hCoV-19/Belgium/ULG-10481/2020|EPI_ISL_581590|2020-09-23|Europe
2245,2246,0.00395,50.5080339366843,5.28407985604854,50.5062237526163,5.28198499398883,0.01255458936715,0.00860458936715,2020.69657934426,2020.70052934426,196000000,NA
2246,2247,0.00216,50.5062237526163,5.28198499398883,50.5026087248844,5.28006870874437,0.01471458936715,0.01255458936715,2020.70052934426,2020.70268934426,196000000,NA
2246,2250,0.00216,50.5062237526163,5.28198499398883,50.5026087248844,5.28006870874437,0.01471458936715,0.01255458936715,2020.70052934426,2020.70268934426,196000000,NA
2247,2248,0.00221,50.5026087248844,5.28006870874437,50.5032512632673,5.28159689007745,0.01692458936715,0.01471458936715,2020.70268934426,2020.70489934426,196000000,NA
2247,2249,0.00221,50.5026087248844,5.28006870874437,50.5032512632673,5.28159689007745,0.01692458936715,0.01471458936715,2020.70268934426,2020.70489934426,196000000,NA
2248,2232,1.86885246400009e-05,50.5032512632673,5.28159689007745,50.4955491098735,5.28418581647104,0.01694327789179,0.01692458936715,2020.70489934426,2020.70491803278,196000000,hCoV-19/Belgium/ULG-10724/2020|EPI_ISL_641566|2020-09-15|Europe
2248,2233,0.01094765027,50.5032512632673,5.28159689007745,50.5129251745511,5.24353728436803,0.02787223963715,0.01692458936715,2020.70489934426,2020.71584699453,196000000,hCoV-19/Belgium/ULG-10746/2020|EPI_ISL_641588|2020-09-19|Europe
2249,2234,1.86885246400009e-05,50.5032512632673,5.28159689007745,50.555595678306,5.38775094319164,0.01694327789179,0.01692458936715,2020.70489934426,2020.70491803278,196000000,hCoV-19/Belgium/ULG-10723/2020|EPI_ISL_641565|2020-09-15|Europe
2249,2235,0.01094765027,50.5032512632673,5.28159689007745,50.4767130324889,5.16488406016936,0.02787223963715,0.01692458936715,2020.70489934426,2020.71584699453,196000000,hCoV-19/Belgium/ULG-10747/2020|EPI_ISL_641589|2020-09-19|Europe
2250,2251,0.00221,50.5026087248844,5.28006870874437,50.5032512632673,5.28159689007745,0.01692458936715,0.01471458936715,2020.70268934426,2020.70489934426,196000000,NA
2250,2252,0.01302,50.5026087248844,5.28006870874437,50.5064641221267,5.28677125335399,0.02773458936715,0.01471458936715,2020.70268934426,2020.71570934426,196000000,NA
2251,2236,1.86885246400009e-05,50.5032512632673,5.28159689007745,50.4986388777292,5.18281769740138,0.01694327789179,0.01692458936715,2020.70489934426,2020.70491803278,196000000,hCoV-19/Belgium/ULG-10725/2020|EPI_ISL_641567|2020-09-15|Europe
2251,2237,0.01094765027,50.5032512632673,5.28159689007745,50.5671100119638,5.17405784159139,0.02787223963715,0.01692458936715,2020.70489934426,2020.71584699453,196000000,hCoV-19/Belgium/ULG-10748/2020|EPI_ISL_641590|2020-09-19|Europe
2252,2238,0.000137650273100001,50.5064641221267,5.28677125335399,50.5062681176069,5.28660776428872,0.02787223964025,0.02773458936715,2020.71570934426,2020.71584699453,196000000,hCoV-19/Belgium/ULG-10749/2020|EPI_ISL_641591|2020-09-19|Europe
2252,2253,0.008152375582,50.5064641221267,5.28677125335399,50.5382181922988,5.32925392242557,0.03588696494915,0.02773458936715,2020.71570934426,2020.72386171984,196000000,NA
2253,2239,0.002914236439,50.5382181922988,5.32925392242557,50.5727375720444,5.39583536334145,0.03880120138815,0.03588696494915,2020.72386171984,2020.72677595628,196000000,hCoV-19/Belgium/ULG-10482/2020|EPI_ISL_581591|2020-09-23|Europe
2253,2254,0.000477624417599999,50.5382181922988,5.32925392242557,50.5368657875236,5.32726404630301,0.03636458936675,0.03588696494915,2020.72386171984,2020.72433934426,196000000,NA
2254,2240,0.002436612022,50.5368657875236,5.32726404630301,50.5728828709129,5.09387398569001,0.03880120138875,0.03636458936675,2020.72433934426,2020.72677595628,196000000,hCoV-19/Belgium/ULG-10485/2020|EPI_ISL_581592|2020-09-23|Europe
2254,2241,0.002436612022,50.5368657875236,5.32726404630301,50.5387947678274,5.32840622399651,0.03880120138875,0.03636458936675,2020.72433934426,2020.72677595628,196000000,hCoV-19/Belgium/ULG-10487/2020|EPI_ISL_581593|2020-09-23|Europe
2287,2268,0.4827731694,51.3027627005495,3.12524306532699,51.0131702598342,5.06044909492089,0.4956831694,0.01291,2020.22760934426,2020.71038251366,196000000,SARS2-CoV/Belgium/Human/rega-0917987
2319,2304,0.05492644809,50.5351087967733,5.55291716402901,50.5641261269943,5.5821523865494,0.124208120291,0.069281672201,2020.64725934427,2020.70218579236,196000000,hCoV-19/Belgium/ULG-10717/2020|EPI_ISL_641559|2020-09-14|Europe
2319,2305,0.02760404372,50.5351087967733,5.55291716402901,50.537318861058,5.55595518151829,0.096885715921,0.069281672201,2020.64725934427,2020.67486338799,196000000,hCoV-19/Belgium/ULG-10604/2020|EPI_ISL_626249|2020-09-04|Europe
2321,2306,0.120226612,50.565040610067,5.46786184250908,50.9214913030306,4.64799203962733,0.148798284201,0.028571672201,2020.60654934427,2020.72677595627,196000000,SARS2-CoV/Belgium/Human/rega-09231008
2322,2325,0.0570033711,50.8936207943707,4.69651638388118,50.8297752903984,4.6608434694955,0.126425043301,0.069421672201,2020.64739934427,2020.70440271537,196000000,NA
2322,2323,0.03839,50.8936207943707,4.69651638388118,50.8949305029987,4.69805428377194,0.107811672201,0.069421672201,2020.64739934427,2020.68578934427,196000000,NA
2323,2308,3.00546453199657e-06,50.8949305029987,4.69805428377194,50.8949219986076,4.69804236723763,0.107814677665532,0.107811672201,2020.68578934427,2020.68579234973,196000000,SARS2-CoV/Belgium/Human/rega-0908933
2323,2324,0.02119,50.8949305029987,4.69805428377194,50.8201441860488,4.47836115634108,0.129001672201,0.107811672201,2020.68578934427,2020.70697934427,196000000,NA
2324,2309,0.00340316939900001,50.8201441860488,4.47836115634108,50.8105473708229,4.49916988478379,0.1324048416,0.129001672201,2020.70697934427,2020.71038251367,196000000,SARS2-CoV/Belgium/Human/rega-09171052
2324,2310,0.00340316939900001,50.8201441860488,4.47836115634108,50.8191205243054,4.47736744607144,0.1324048416,0.129001672201,2020.70697934427,2020.71038251367,196000000,SARS2-CoV/Belgium/Human/rega-09171048
2325,2326,0.00254662890400001,50.8297752903984,4.6608434694955,50.8297604505689,4.66071149856879,0.128971672205,0.126425043301,2020.70440271537,2020.70694934427,196000000,NA
2325,2311,0.000515317429099993,50.8297752903984,4.6608434694955,50.8179592533983,4.65032292101632,0.1269403607301,0.126425043301,2020.70440271537,2020.7049180328,196000000,SARS2-CoV/Belgium/Human/rega-0915949
2326,2312,0.00343316939900001,50.8297604505689,4.66071149856879,50.826293411238,4.65783712772645,0.132404841604,0.128971672205,2020.70694934427,2020.71038251367,196000000,SARS2-CoV/Belgium/Human/rega-0917989
2326,2313,0.00070092896179999,50.8297604505689,4.66071149856879,50.8303285369727,4.65874665815633,0.1296726011668,0.128971672205,2020.70694934427,2020.70765027324,196000000,SARS2-CoV/Belgium/Human/rega-0916981
2327,2328,0.10859,50.8597189125301,4.4144479098827,50.8368383453721,4.40310868496348,0.1087016722015,0.00011167220149999,2020.57808934427,2020.68667934427,196000000,NA
2328,2316,0.06741901639,50.8368383453721,4.40310868496348,50.8195796689714,4.88405796866092,0.1761206885915,0.1087016722015,2020.68667934427,2020.75409836066,196000000,SARS2-CoV/Belgium/Human/rega-10031030
2328,2315,0.0237031694,50.8368383453721,4.40310868496348,50.8362953015949,4.4025706350029,0.1324048416015,0.1087016722015,2020.68667934427,2020.71038251367,196000000,SARS2-CoV/Belgium/Human/rega-0917999
2626,2469,0.133245082,50.6128956756015,5.64839957455263,50.6055719495845,5.6591770365583,0.5050050819811,0.3717599999811,2020.53068934423,2020.66393442623,196000000,hCoV-19/Belgium/ULG-10464/2020|EPI_ISL_581635|2020-08-31|Europe
2793,2794,0.33987,50.5909358862042,5.21328547170451,50.5420053549732,5.25742126051174,0.3406513962513,0.000781396251300026,2020.36713934426,2020.70700934426,196000000,NA
2794,2795,0.01976,50.5420053549732,5.25742126051174,50.5738535367173,5.85753631802636,0.3604113962513,0.3406513962513,2020.70700934426,2020.72676934426,196000000,NA
2794,2749,0.01703437158,50.5420053549732,5.25742126051174,50.5437531426885,5.25960332973896,0.3576857678313,0.3406513962513,2020.70700934426,2020.72404371584,196000000,hCoV-19/Belgium/ULG-10469/2020|EPI_ISL_581639|2020-09-22|Europe
2795,2750,6.61202187901555e-06,50.5738535367173,5.85753631802636,50.5384225073775,4.4521878397243,0.360418008273179,0.3604113962513,2020.72676934426,2020.72677595628,196000000,hCoV-19/Belgium/ULG-10505/2020|EPI_ISL_581667|2020-09-23|Europe
2795,2751,6.61202187901555e-06,50.5738535367173,5.85753631802636,50.5738462877477,5.85752434644827,0.360418008273179,0.3604113962513,2020.72676934426,2020.72677595628,196000000,hCoV-19/Belgium/ULG-10479/2020|EPI_ISL_581575|2020-09-23|Europe
2865,2812,0.2334299023,50.5406735408974,5.23329704124727,50.6580980425771,5.61122902637888,0.2922716295702,0.0588417272702,2020.57531326709,2020.80874316939,196000000,hCoV-19/Belgium/ULG-10551/2020|EPI_ISL_626312|2020-10-23|Europe
2874,2821,0.1268377476,50.5308346936216,5.23663034561138,50.5577649443526,5.82931750747047,0.1884464929702,0.0616087453702,2020.57808028519,2020.70491803279,196000000,hCoV-19/Belgium/ULG-10726/2020|EPI_ISL_641568|2020-09-15|Europe
2886,2833,0.07596092896,50.5506151697879,5.28221636608987,50.9284328207873,4.55693579632279,0.1911787334292,0.1152178044692,2020.63168934429,2020.70765027325,196000000,SARS2-CoV/Belgium/Human/rega-0916974
2888,2835,0.04920868852,50.6002958605944,5.83287457911874,50.957394119747,4.56201624855266,0.1884464929892,0.1392378044692,2020.65570934429,2020.70491803281,196000000,SARS2-CoV/Belgium/Human/rega-0915964
2894,2841,0.1465443716,50.5997990591511,5.49311957307782,50.4107114091226,6.03848913208511,0.2075721760702,0.0610278044702,2020.57749934429,2020.72404371589,196000000,hCoV-19/Belgium/ULG-10468/2020|EPI_ISL_581638|2020-09-22|Europe
2896,2898,0.1265777756,50.853979818142,4.47290103757326,50.9418869429347,4.5747657829712,0.1876555800702,0.0610778044702,2020.57754934429,2020.70412711989,196000000,NA
2898,2899,0.000782224372500001,50.9418869429347,4.5747657829712,50.941734423403,4.57461766366755,0.1884378044427,0.1876555800702,2020.70412711989,2020.70490934426,196000000,NA
2898,2845,0.003523153334,50.9418869429347,4.5747657829712,50.9350724897462,4.55353062062795,0.1911787334042,0.1876555800702,2020.70412711989,2020.70765027322,196000000,SARS2-CoV/Belgium/Human/rega-0916976
2899,2846,8.6885246420032e-06,50.941734423403,4.57461766366755,50.927409753325,4.53411159372521,0.188446492967342,0.1884378044427,2020.70490934426,2020.70491803279,196000000,SARS2-CoV/Belgium/Human/rega-0915965
2899,2847,8.6885246420032e-06,50.941734423403,4.57461766366755,50.9417211329752,4.57461298817412,0.188446492967342,0.1884378044427,2020.70490934426,2020.70491803279,196000000,SARS2-CoV/Belgium/Human/rega-0915956
2900,2848,0.1271486885,50.8538664940946,4.47274584020344,50.7863665260776,4.52622276018509,0.1884464929702,0.0612978044702,2020.57776934429,2020.70491803279,196000000,SARS2-CoV/Belgium/Human/rega-0915957
2901,2902,0.04271469326,50.8575288119775,4.47479347842173,50.856641783035,4.47378140367856,0.1715278044702,0.1288131112102,2020.64528465103,2020.68799934429,196000000,NA
2901,2855,0.06783010309,50.8575288119775,4.47479347842173,50.8283505819021,4.43974549477226,0.1966432143002,0.1288131112102,2020.64528465103,2020.71311475412,196000000,SARS2-CoV/Belgium/Human/rega-0918996
2902,2849,0.01965092896,50.856641783035,4.47378140367856,50.8567237090902,4.47352686297584,0.1911787334302,0.1715278044702,2020.68799934429,2020.70765027325,196000000,SARS2-CoV/Belgium/Human/rega-0916969
2902,2903,0.00431000000000001,50.856641783035,4.47378140367856,50.9479820026864,5.64221397025871,0.1758378044702,0.1715278044702,2020.68799934429,2020.69230934429,196000000,NA
2903,2850,0.1820075956,50.9479820026864,5.64221397025871,50.5046207326843,5.64605618612519,0.3578454000702,0.1758378044702,2020.69230934429,2020.87431693989,196000000,hCoV-19/Belgium/ULG-10793/2020|EPI_ISL_661227|2020-11-16|Europe
2903,2904,0.00214,50.9479820026864,5.64221397025871,50.9479819849812,5.64217761916862,0.1779778044702,0.1758378044702,2020.69230934429,2020.69444934429,196000000,NA
2904,2905,0.00225,50.9479819849812,5.64217761916862,50.9475750280725,5.6419131139059,0.1802278044702,0.1779778044702,2020.69444934429,2020.69669934429,196000000,NA
2904,2851,0.1224905464,50.9479819849812,5.64217761916862,50.6213871961598,5.46850036364887,0.3004683508702,0.1779778044702,2020.69444934429,2020.81693989069,196000000,hCoV-19/Belgium/ULG-10654/2020|EPI_ISL_636631|2020-10-26|Europe
2905,2852,2.19672130399862e-05,50.9475750280725,5.6419131139059,50.9475748993993,5.64191251543009,0.18024977168324,0.1802278044702,2020.69669934429,2020.6967213115,196000000,SARS2-CoV/Belgium/Human/rega-0912943
2905,2906,0.00545999999999999,50.9475750280725,5.6419131139059,50.5980668198793,5.54365403290919,0.1856878044702,0.1802278044702,2020.69669934429,2020.70215934429,196000000,NA
2906,2854,2.64480875200035e-05,50.5980668198793,5.54365403290919,50.6001548320176,5.54909304614754,0.18571425255772,0.1856878044702,2020.70215934429,2020.70218579238,196000000,hCoV-19/Belgium/ULG-10715/2020|EPI_ISL_641557|2020-09-14|Europe
2906,2853,2.64480875200035e-05,50.5980668198793,5.54365403290919,50.5981104244837,5.54368431029866,0.18571425255772,0.1856878044702,2020.70215934429,2020.70218579238,196000000,hCoV-19/Belgium/ULG-10716/2020|EPI_ISL_641558|2020-09-14|Europe
2919,2912,0.06879420765,50.8776664594924,4.6294643951256,50.8833734493914,4.58659073947036,0.06879420765,0,2020.63065934427,2020.69945355192,196000000,SARS2-CoV/Belgium/Human/rega-0913941
2919,2920,0.03505,50.8776664594924,4.6294643951256,50.8769222337469,4.63649374554716,0.03505,0,2020.63065934427,2020.66570934427,196000000,NA
2920,2921,0.03570638037,50.8769222337469,4.63649374554716,50.8778312788877,4.48927361507447,0.07075638037,0.03505,2020.66570934427,2020.70141572464,196000000,NA
2920,2922,0.0239,50.8769222337469,4.63649374554716,50.837103175279,4.77005036884135,0.05895,0.03505,2020.66570934427,2020.68960934427,196000000,NA
2921,2913,0.00623454858899999,50.8778312788877,4.48927361507447,50.8940901925123,4.4881349216639,0.076990928959,0.07075638037,2020.70141572464,2020.70765027323,196000000,SARS2-CoV/Belgium/Human/rega-0916961
2921,2914,0.000770067715100006,50.8778312788877,4.48927361507447,50.8785757789097,4.48995403521353,0.0715264480851,0.07075638037,2020.70141572464,2020.70218579235,196000000,SARS2-CoV/Belgium/Human/rega-0914947
2922,2923,0.0131,50.837103175279,4.77005036884135,50.8108569454291,4.92959762651128,0.07205,0.05895,2020.68960934427,2020.70270934427,196000000,NA
2922,2915,0.01530868852,50.837103175279,4.77005036884135,50.8334436023325,4.76519868044961,0.07425868852,0.05895,2020.68960934427,2020.70491803279,196000000,SARS2-CoV/Belgium/Human/rega-0915950
2923,2916,0.01313765027,50.8108569454291,4.92959762651128,50.8133742541162,4.93035254166588,0.08518765027,0.07205,2020.70270934427,2020.71584699454,196000000,SARS2-CoV/Belgium/Human/rega-09191059
2923,2924,0.001895903083,50.8108569454291,4.92959762651128,50.770283968802,4.94048839503112,0.073945903083,0.07205,2020.70270934427,2020.70460524735,196000000,NA
2924,2917,0.01124174719,50.770283968802,4.94048839503112,50.764227488269,4.95243312376114,0.085187650273,0.073945903083,2020.70460524735,2020.71584699454,196000000,SARS2-CoV/Belgium/Human/rega-09191058
2924,2918,0.000312785442000002,50.770283968802,4.94048839503112,50.7700744862881,4.94054787773801,0.074258688525,0.073945903083,2020.70460524735,2020.70491803279,196000000,SARS2-CoV/Belgium/Human/rega-0915955
2934,2935,0.01124077133,50.8854868272964,4.50364760093844,50.8750712621545,4.48219067147099,0.01124077133,0,2020.69366857293,2020.70490934426,196000000,NA
2934,2936,0.000310771325899999,50.8854868272964,4.50364760093844,50.8871806814691,4.51462271698819,0.000310771325899999,0,2020.69366857293,2020.69397934426,196000000,NA
2935,2930,8.68852464199973e-06,50.8750712621545,4.48219067147099,51.2292706564212,5.013731470166,0.011249459854642,0.01124077133,2020.70490934426,2020.70491803279,196000000,SARS2-CoV/Belgium/Human/rega-0915954
2935,2931,0.005473169399,50.8750712621545,4.48219067147099,50.8609849406682,4.45099413062284,0.016713940729,0.01124077133,2020.70490934426,2020.71038251366,196000000,SARS2-CoV/Belgium/Human/rega-0917993
2936,2932,9.72677591000101e-06,50.8871806814691,4.51462271698819,50.8874662980479,4.51514636119793,0.00032049810181,0.000310771325899999,2020.69397934426,2020.69398907103,196000000,SARS2-CoV/Belgium/Human/rega-0911939
2936,2933,9.72677591000101e-06,50.8871806814691,4.51462271698819,50.8892157933974,4.48010939910388,0.00032049810181,0.000310771325899999,2020.69397934426,2020.69398907103,196000000,SARS2-CoV/Belgium/Human/rega-0911936
2940,2937,0.02580919891,50.5703080855812,5.61508345723618,50.5719304498226,5.62182612064746,0.02580919891,0,2020.69003779563,2020.71584699454,196000000,hCoV-19/Belgium/ULG-10743/2020|EPI_ISL_641585|2020-09-19|Europe
2940,2941,0.0006915486355,50.5703080855812,5.61508345723618,50.5654822480522,5.60557474173496,0.0006915486355,0,2020.69003779563,2020.69072934427,196000000,NA
2941,2938,0.02238540984,50.5654822480522,5.60557474173496,50.5846468506811,5.60737259604852,0.0230769584755,0.0006915486355,2020.69072934427,2020.71311475411,196000000,hCoV-19/Belgium/ULG-10736/2020|EPI_ISL_641578|2020-09-18|Europe
2941,2939,0.02511765027,50.5654822480522,5.60557474173496,50.571486539468,5.6296037037276,0.0258091989055,0.0006915486355,2020.69072934427,2020.71584699454,196000000,hCoV-19/Belgium/ULG-10741/2020|EPI_ISL_641583|2020-09-19|Europe
2980,2977,0.003485659611,50.7836069300036,4.47318366191721,50.8728105081269,4.47236049932566,0.003485659611,0,2020.75880942236,2020.76229508197,196000000,SARS2-CoV/Belgium/Human/rega-10061038
2980,2981,6.992190602e-05,50.7836069300036,4.47318366191721,50.7839957057054,4.4736073935778,6.992190602e-05,0,2020.75880942236,2020.75887934427,196000000,NA
2981,2978,0.003415737705,50.7839957057054,4.4736073935778,50.8784931397417,4.70081834820368,0.00348565961102,6.992190602e-05,2020.75887934427,2020.76229508197,196000000,SARS2-CoV/Belgium/Human/rega-10061033
2981,2979,0.003415737705,50.7839957057054,4.4736073935778,50.7837354803625,4.47453163917249,0.00348565961102,6.992190602e-05,2020.75887934427,2020.76229508197,196000000,SARS2-CoV/Belgium/Human/rega-10061032
3054,3055,0.11011,50.4083996935852,4.34688388107188,50.4032112655266,4.34339475668146,0.14219,0.03208,2020.57838934426,2020.68849934426,196000000,NA
3055,3048,2.52459016600037e-05,50.4032112655266,4.34339475668146,50.4035321324113,4.34392209187609,0.14221524590166,0.14219,2020.68849934426,2020.68852459016,196000000,SARS2-CoV/Belgium/Human/rega-0909934
3055,3049,2.52459016600037e-05,50.4032112655266,4.34339475668146,50.4035001304774,4.30047246681886,0.14221524590166,0.14219,2020.68849934426,2020.68852459016,196000000,SARS2-CoV/Belgium/Human/rega-0909930
3206,3202,0.01594404372,50.6396033758856,5.64682310348175,50.6014210817417,5.65029840031502,0.03895404372,0.02301,2020.65891934426,2020.67486338798,196000000,hCoV-19/Belgium/ULG-10608/2020|EPI_ISL_626250|2020-09-04|Europe
